843 1152 2
1 1 1
1 2 1
1 3 1
1 4 1
1 5 1
1 6 1
1 7 1
1 8 1
1 9 1
1 10 1
2 11 1
2 12 1
2 13 1
2 14 1
2 15 1
2 16 1
2 17 1
2 18 1
2 19 1
2 20 1
3 21 1
3 22 1
3 23 1
3 24 1
3 25 1
3 26 1
3 27 1
3 28 1
3 29 1
3 30 1
4 31 1
4 32 1
4 33 1
4 34 1
4 35 1
4 36 1
4 37 1
4 38 1
4 39 1
4 40 1
5 41 1
5 42 1
5 43 1
5 44 1
5 45 1
5 46 1
5 47 1
5 48 1
5 49 1
5 50 1
6 51 1
6 52 1
6 53 1
6 54 1
6 55 1
6 56 1
6 57 1
6 58 1
6 59 1
6 60 1
7 61 1
7 62 1
7 63 1
7 64 1
7 65 1
7 66 1
7 67 1
7 68 1
7 69 1
7 70 1
7 71 1
7 72 1
7 73 1
7 74 1
7 75 1
7 76 1
7 77 1
7 78 1
7 79 1
7 80 1
7 81 1
7 82 1
7 83 1
7 84 1
8 85 1
8 86 1
8 87 1
8 88 1
8 89 1
8 90 1
8 91 1
8 92 1
8 93 1
8 94 1
9 95 1
9 96 1
9 97 1
9 98 1
9 99 1
9 100 1
9 101 1
9 102 1
9 103 1
9 104 1
10 105 1
10 106 1
10 107 1
10 108 1
10 109 1
10 110 1
10 111 1
10 112 1
10 113 1
10 114 1
11 115 1
11 116 1
11 117 1
11 118 1
11 119 1
11 120 1
11 121 1
11 122 1
11 123 1
11 124 1
12 125 1
12 126 1
12 127 1
12 128 1
12 129 1
12 130 1
12 131 1
12 132 1
12 133 1
12 134 1
13 135 1
13 136 1
13 137 1
13 138 1
13 139 1
13 140 1
13 141 1
13 142 1
13 143 1
13 144 1
14 145 1
14 146 1
14 147 1
14 148 1
14 149 1
14 150 1
14 151 1
14 152 1
14 153 1
14 154 1
14 155 1
14 156 1
14 157 1
14 158 1
14 159 1
14 160 1
14 161 1
14 162 1
14 163 1
14 164 1
14 165 1
14 166 1
14 167 1
14 168 1
15 169 1
15 170 1
15 171 1
15 172 1
15 173 1
15 174 1
15 175 1
15 176 1
15 177 1
15 178 1
16 179 1
16 180 1
16 181 1
16 182 1
16 183 1
16 184 1
16 185 1
16 186 1
16 187 1
16 188 1
17 189 1
17 190 1
17 191 1
17 192 1
17 193 1
17 194 1
17 195 1
17 196 1
17 197 1
17 198 1
18 199 1
18 200 1
18 201 1
18 202 1
18 203 1
18 204 1
18 205 1
18 206 1
18 207 1
18 208 1
19 209 1
19 210 1
19 211 1
19 212 1
19 213 1
19 214 1
19 215 1
19 216 1
19 217 1
19 218 1
20 219 1
20 220 1
20 221 1
20 222 1
20 223 1
20 224 1
20 225 1
20 226 1
20 227 1
20 228 1
21 229 1
21 230 1
21 231 1
21 232 1
21 233 1
21 234 1
21 235 1
21 236 1
21 237 1
21 238 1
21 239 1
21 240 1
21 241 1
21 242 1
21 243 1
21 244 1
21 245 1
21 246 1
21 247 1
21 248 1
21 249 1
21 250 1
21 251 1
21 252 1
22 253 1
22 254 1
22 255 1
22 256 1
22 257 1
22 258 1
22 259 1
22 260 1
22 261 1
22 262 1
23 263 1
23 264 1
23 265 1
23 266 1
23 267 1
23 268 1
23 269 1
23 270 1
23 271 1
23 272 1
24 273 1
24 274 1
24 275 1
24 276 1
24 277 1
24 278 1
24 279 1
24 280 1
24 281 1
24 282 1
25 283 1
25 284 1
25 285 1
25 286 1
25 287 1
25 288 1
25 289 1
25 290 1
25 291 1
25 292 1
26 293 1
26 294 1
26 295 1
26 296 1
26 297 1
26 298 1
26 299 1
26 300 1
26 301 1
26 302 1
27 303 1
27 304 1
27 305 1
27 306 1
27 307 1
27 308 1
27 309 1
27 310 1
27 311 1
27 312 1
28 313 1
28 314 1
28 315 1
28 316 1
28 317 1
28 318 1
28 319 1
28 320 1
28 321 1
28 322 1
28 323 1
28 324 1
28 325 1
28 326 1
28 327 1
28 328 1
28 329 1
28 330 1
28 331 1
28 332 1
28 333 1
28 334 1
28 335 1
28 336 1
29 337 1
29 338 1
29 339 1
29 340 1
29 341 1
29 342 1
29 343 1
29 344 1
29 345 1
29 346 1
29 347 1
29 348 1
29 349 1
29 350 1
30 351 1
30 352 1
30 353 1
30 354 1
30 355 1
30 356 1
30 357 1
30 358 1
30 359 1
30 360 1
30 361 1
30 362 1
30 363 1
30 364 1
31 365 1
31 366 1
31 367 1
31 368 1
31 369 1
31 370 1
31 371 1
31 372 1
31 373 1
31 374 1
31 375 1
31 376 1
31 377 1
31 378 1
32 379 1
32 380 1
32 381 1
32 382 1
32 383 1
32 384 1
32 385 1
32 386 1
32 387 1
32 388 1
32 389 1
32 390 1
32 391 1
32 392 1
33 393 1
33 394 1
33 395 1
33 396 1
33 397 1
33 398 1
33 399 1
33 400 1
33 401 1
33 402 1
33 403 1
33 404 1
33 405 1
33 406 1
34 407 1
34 408 1
34 409 1
34 410 1
34 411 1
34 412 1
34 413 1
34 414 1
34 415 1
34 416 1
34 417 1
34 418 1
34 419 1
34 420 1
35 421 1
35 422 1
35 423 1
35 424 1
35 425 1
35 426 1
35 427 1
35 428 1
35 429 1
35 430 1
35 431 1
35 432 1
35 433 1
35 434 1
35 435 1
35 436 1
35 437 1
35 438 1
35 439 1
35 440 1
35 441 1
35 442 1
35 443 1
35 444 1
36 445 1
36 446 1
36 447 1
36 448 1
36 449 1
36 450 1
36 451 1
36 452 1
36 453 1
36 454 1
36 455 1
36 456 1
36 457 1
36 458 1
36 459 1
36 460 1
36 461 1
36 462 1
36 463 1
36 464 1
36 465 1
36 466 1
36 467 1
36 468 1
37 469 1
37 470 1
37 471 1
37 472 1
37 473 1
37 474 1
37 475 1
37 476 1
37 477 1
37 478 1
37 479 1
37 480 1
37 481 1
37 482 1
38 483 1
38 484 1
38 485 1
38 486 1
38 487 1
38 488 1
38 489 1
38 490 1
38 491 1
38 492 1
38 493 1
38 494 1
38 495 1
38 496 1
39 497 1
39 498 1
39 499 1
39 500 1
39 501 1
39 502 1
39 503 1
39 504 1
39 505 1
39 506 1
39 507 1
39 508 1
39 509 1
39 510 1
40 511 1
40 512 1
40 513 1
40 514 1
40 515 1
40 516 1
40 517 1
40 518 1
40 519 1
40 520 1
40 521 1
40 522 1
40 523 1
40 524 1
41 525 1
41 526 1
41 527 1
41 528 1
41 529 1
41 530 1
41 531 1
41 532 1
41 533 1
41 534 1
41 535 1
41 536 1
41 537 1
41 538 1
42 539 1
42 540 1
42 541 1
42 542 1
42 543 1
42 544 1
42 545 1
42 546 1
42 547 1
42 548 1
42 549 1
42 550 1
42 551 1
42 552 1
43 553 1
43 554 1
43 555 1
43 556 1
43 557 1
43 558 1
43 559 1
43 560 1
43 561 1
43 562 1
43 563 1
43 564 1
43 565 1
43 566 1
43 567 1
43 568 1
43 569 1
43 570 1
43 571 1
43 572 1
43 573 1
43 574 1
43 575 1
43 576 1
44 577 1
44 578 1
44 579 1
44 580 1
44 581 1
44 582 1
44 583 1
44 584 1
44 585 1
44 586 1
44 587 1
44 588 1
44 589 1
44 590 1
44 591 1
44 592 1
44 593 1
44 594 1
44 595 1
44 596 1
44 597 1
44 598 1
44 599 1
44 600 1
45 601 1
45 602 1
45 603 1
45 604 1
45 605 1
45 606 1
45 607 1
45 608 1
45 609 1
45 610 1
45 611 1
45 612 1
45 613 1
45 614 1
46 615 1
46 616 1
46 617 1
46 618 1
46 619 1
46 620 1
46 621 1
46 622 1
46 623 1
46 624 1
46 625 1
46 626 1
46 627 1
46 628 1
47 629 1
47 630 1
47 631 1
47 632 1
47 633 1
47 634 1
47 635 1
47 636 1
47 637 1
47 638 1
47 639 1
47 640 1
47 641 1
47 642 1
48 643 1
48 644 1
48 645 1
48 646 1
48 647 1
48 648 1
48 649 1
48 650 1
48 651 1
48 652 1
48 653 1
48 654 1
48 655 1
48 656 1
49 657 1
49 658 1
49 659 1
49 660 1
49 661 1
49 662 1
49 663 1
49 664 1
49 665 1
49 666 1
49 667 1
49 668 1
49 669 1
49 670 1
50 671 1
50 672 1
50 673 1
50 674 1
50 675 1
50 676 1
50 677 1
50 678 1
50 679 1
50 680 1
50 681 1
50 682 1
50 683 1
50 684 1
51 685 1
51 686 1
51 687 1
51 688 1
51 689 1
51 690 1
51 691 1
51 692 1
51 693 1
51 694 1
51 695 1
51 696 1
51 697 1
51 698 1
51 699 1
51 700 1
51 701 1
51 702 1
51 703 1
51 704 1
51 705 1
51 706 1
51 707 1
51 708 1
52 709 1
52 710 1
52 711 1
52 712 1
52 713 1
52 714 1
52 715 1
52 716 1
52 717 1
52 718 1
52 719 1
52 720 1
52 721 1
52 722 1
52 723 1
52 724 1
52 725 1
52 726 1
52 727 1
52 728 1
52 729 1
52 730 1
52 731 1
52 732 1
53 733 1
53 734 1
53 735 1
53 736 1
53 737 1
53 738 1
53 739 1
53 740 1
53 741 1
53 742 1
53 743 1
53 744 1
53 745 1
53 746 1
54 747 1
54 748 1
54 749 1
54 750 1
54 751 1
54 752 1
54 753 1
54 754 1
54 755 1
54 756 1
54 757 1
54 758 1
54 759 1
54 760 1
55 761 1
55 762 1
55 763 1
55 764 1
55 765 1
55 766 1
55 767 1
55 768 1
55 769 1
55 770 1
55 771 1
55 772 1
55 773 1
55 774 1
56 775 1
56 776 1
56 777 1
56 778 1
56 779 1
56 780 1
56 781 1
56 782 1
56 783 1
56 784 1
56 785 1
56 786 1
56 787 1
56 788 1
57 789 1
57 790 1
57 791 1
57 792 1
57 793 1
57 794 1
57 795 1
57 796 1
57 797 1
57 798 1
57 799 1
57 800 1
57 801 1
57 802 1
58 803 1
58 804 1
58 805 1
58 806 1
58 807 1
58 808 1
58 809 1
58 810 1
58 811 1
58 812 1
58 813 1
58 814 1
58 815 1
58 816 1
59 817 1
59 818 1
59 819 1
59 820 1
59 821 1
59 822 1
59 823 1
59 824 1
59 825 1
59 826 1
59 827 1
59 828 1
59 829 1
59 830 1
59 831 1
59 832 1
59 833 1
59 834 1
59 835 1
59 836 1
59 837 1
59 838 1
59 839 1
59 840 1
60 841 1
60 842 1
60 843 1
60 844 1
60 845 1
60 846 1
60 847 1
60 848 1
60 849 1
60 850 1
60 851 1
60 852 1
60 853 1
60 854 1
60 855 1
60 856 1
60 857 1
60 858 1
60 859 1
60 860 1
60 861 1
60 862 1
60 863 1
60 864 1
61 1 1
61 2 1
61 31 1
61 32 1
62 11 1
62 12 1
62 33 1
62 34 1
63 21 1
63 22 1
63 35 1
63 36 1
64 3 1
64 4 1
64 41 1
64 42 1
65 13 1
65 14 1
65 43 1
65 44 1
66 23 1
66 24 1
66 45 1
66 46 1
67 5 1
67 6 1
67 51 1
67 52 1
68 15 1
68 16 1
68 53 1
68 54 1
69 25 1
69 26 1
69 55 1
69 56 1
70 7 1
70 8 1
70 9 1
70 10 1
70 61 1
70 62 1
70 63 1
70 64 1
71 17 1
71 18 1
71 19 1
71 20 1
71 65 1
71 66 1
71 67 1
71 68 1
72 27 1
72 28 1
72 29 1
72 30 1
72 69 1
72 70 1
72 71 1
72 72 1
73 37 1
73 38 1
73 39 1
73 40 1
73 73 1
73 74 1
73 75 1
73 76 1
74 47 1
74 48 1
74 49 1
74 50 1
74 77 1
74 78 1
74 79 1
74 80 1
75 57 1
75 58 1
75 59 1
75 60 1
75 81 1
75 82 1
75 83 1
75 84 1
76 85 1
76 86 1
76 115 1
76 116 1
77 95 1
77 96 1
77 117 1
77 118 1
78 105 1
78 106 1
78 119 1
78 120 1
79 87 1
79 88 1
79 125 1
79 126 1
80 97 1
80 98 1
80 127 1
80 128 1
81 107 1
81 108 1
81 129 1
81 130 1
82 89 1
82 90 1
82 135 1
82 136 1
83 99 1
83 100 1
83 137 1
83 138 1
84 109 1
84 110 1
84 139 1
84 140 1
85 91 1
85 92 1
85 93 1
85 94 1
85 145 1
85 146 1
85 147 1
85 148 1
86 101 1
86 102 1
86 103 1
86 104 1
86 149 1
86 150 1
86 151 1
86 152 1
87 111 1
87 112 1
87 113 1
87 114 1
87 153 1
87 154 1
87 155 1
87 156 1
88 121 1
88 122 1
88 123 1
88 124 1
88 157 1
88 158 1
88 159 1
88 160 1
89 131 1
89 132 1
89 133 1
89 134 1
89 161 1
89 162 1
89 163 1
89 164 1
90 141 1
90 142 1
90 143 1
90 144 1
90 165 1
90 166 1
90 167 1
90 168 1
91 169 1
91 170 1
91 199 1
91 200 1
92 179 1
92 180 1
92 201 1
92 202 1
93 189 1
93 190 1
93 203 1
93 204 1
94 171 1
94 172 1
94 209 1
94 210 1
95 181 1
95 182 1
95 211 1
95 212 1
96 191 1
96 192 1
96 213 1
96 214 1
97 173 1
97 174 1
97 219 1
97 220 1
98 183 1
98 184 1
98 221 1
98 222 1
99 193 1
99 194 1
99 223 1
99 224 1
100 175 1
100 176 1
100 177 1
100 178 1
100 229 1
100 230 1
100 231 1
100 232 1
101 185 1
101 186 1
101 187 1
101 188 1
101 233 1
101 234 1
101 235 1
101 236 1
102 195 1
102 196 1
102 197 1
102 198 1
102 237 1
102 238 1
102 239 1
102 240 1
103 205 1
103 206 1
103 207 1
103 208 1
103 241 1
103 242 1
103 243 1
103 244 1
104 215 1
104 216 1
104 217 1
104 218 1
104 245 1
104 246 1
104 247 1
104 248 1
105 225 1
105 226 1
105 227 1
105 228 1
105 249 1
105 250 1
105 251 1
105 252 1
106 253 1
106 254 1
106 283 1
106 284 1
107 263 1
107 264 1
107 285 1
107 286 1
108 273 1
108 274 1
108 287 1
108 288 1
109 255 1
109 256 1
109 293 1
109 294 1
110 265 1
110 266 1
110 295 1
110 296 1
111 275 1
111 276 1
111 297 1
111 298 1
112 257 1
112 258 1
112 303 1
112 304 1
113 267 1
113 268 1
113 305 1
113 306 1
114 277 1
114 278 1
114 307 1
114 308 1
115 259 1
115 260 1
115 261 1
115 262 1
115 313 1
115 314 1
115 315 1
115 316 1
116 269 1
116 270 1
116 271 1
116 272 1
116 317 1
116 318 1
116 319 1
116 320 1
117 279 1
117 280 1
117 281 1
117 282 1
117 321 1
117 322 1
117 323 1
117 324 1
118 289 1
118 290 1
118 291 1
118 292 1
118 325 1
118 326 1
118 327 1
118 328 1
119 299 1
119 300 1
119 301 1
119 302 1
119 329 1
119 330 1
119 331 1
119 332 1
120 309 1
120 310 1
120 311 1
120 312 1
120 333 1
120 334 1
120 335 1
120 336 1
121 337 1
121 338 1
121 379 1
121 380 1
122 351 1
122 352 1
122 381 1
122 382 1
123 365 1
123 366 1
123 383 1
123 384 1
124 339 1
124 340 1
124 393 1
124 394 1
125 353 1
125 354 1
125 395 1
125 396 1
126 367 1
126 368 1
126 397 1
126 398 1
127 341 1
127 342 1
127 407 1
127 408 1
128 355 1
128 356 1
128 409 1
128 410 1
129 369 1
129 370 1
129 411 1
129 412 1
130 343 1
130 344 1
130 345 1
130 346 1
130 421 1
130 422 1
130 423 1
130 424 1
131 357 1
131 358 1
131 359 1
131 360 1
131 425 1
131 426 1
131 427 1
131 428 1
132 371 1
132 372 1
132 373 1
132 374 1
132 429 1
132 430 1
132 431 1
132 432 1
133 385 1
133 386 1
133 387 1
133 388 1
133 433 1
133 434 1
133 435 1
133 436 1
134 399 1
134 400 1
134 401 1
134 402 1
134 437 1
134 438 1
134 439 1
134 440 1
135 413 1
135 414 1
135 415 1
135 416 1
135 441 1
135 442 1
135 443 1
135 444 1
136 347 1
136 348 1
136 349 1
136 350 1
136 445 1
136 446 1
136 447 1
136 448 1
137 361 1
137 362 1
137 363 1
137 364 1
137 449 1
137 450 1
137 451 1
137 452 1
138 375 1
138 376 1
138 377 1
138 378 1
138 453 1
138 454 1
138 455 1
138 456 1
139 389 1
139 390 1
139 391 1
139 392 1
139 457 1
139 458 1
139 459 1
139 460 1
140 403 1
140 404 1
140 405 1
140 406 1
140 461 1
140 462 1
140 463 1
140 464 1
141 417 1
141 418 1
141 419 1
141 420 1
141 465 1
141 466 1
141 467 1
141 468 1
142 469 1
142 470 1
142 511 1
142 512 1
143 483 1
143 484 1
143 513 1
143 514 1
144 497 1
144 498 1
144 515 1
144 516 1
145 471 1
145 472 1
145 525 1
145 526 1
146 485 1
146 486 1
146 527 1
146 528 1
147 499 1
147 500 1
147 529 1
147 530 1
148 473 1
148 474 1
148 539 1
148 540 1
149 487 1
149 488 1
149 541 1
149 542 1
150 501 1
150 502 1
150 543 1
150 544 1
151 475 1
151 476 1
151 477 1
151 478 1
151 553 1
151 554 1
151 555 1
151 556 1
152 489 1
152 490 1
152 491 1
152 492 1
152 557 1
152 558 1
152 559 1
152 560 1
153 503 1
153 504 1
153 505 1
153 506 1
153 561 1
153 562 1
153 563 1
153 564 1
154 517 1
154 518 1
154 519 1
154 520 1
154 565 1
154 566 1
154 567 1
154 568 1
155 531 1
155 532 1
155 533 1
155 534 1
155 569 1
155 570 1
155 571 1
155 572 1
156 545 1
156 546 1
156 547 1
156 548 1
156 573 1
156 574 1
156 575 1
156 576 1
157 479 1
157 480 1
157 481 1
157 482 1
157 577 1
157 578 1
157 579 1
157 580 1
158 493 1
158 494 1
158 495 1
158 496 1
158 581 1
158 582 1
158 583 1
158 584 1
159 507 1
159 508 1
159 509 1
159 510 1
159 585 1
159 586 1
159 587 1
159 588 1
160 521 1
160 522 1
160 523 1
160 524 1
160 589 1
160 590 1
160 591 1
160 592 1
161 535 1
161 536 1
161 537 1
161 538 1
161 593 1
161 594 1
161 595 1
161 596 1
162 549 1
162 550 1
162 551 1
162 552 1
162 597 1
162 598 1
162 599 1
162 600 1
163 601 1
163 602 1
163 643 1
163 644 1
164 615 1
164 616 1
164 645 1
164 646 1
165 629 1
165 630 1
165 647 1
165 648 1
166 603 1
166 604 1
166 657 1
166 658 1
167 617 1
167 618 1
167 659 1
167 660 1
168 631 1
168 632 1
168 661 1
168 662 1
169 605 1
169 606 1
169 671 1
169 672 1
170 619 1
170 620 1
170 673 1
170 674 1
171 633 1
171 634 1
171 675 1
171 676 1
172 607 1
172 608 1
172 609 1
172 610 1
172 685 1
172 686 1
172 687 1
172 688 1
173 621 1
173 622 1
173 623 1
173 624 1
173 689 1
173 690 1
173 691 1
173 692 1
174 635 1
174 636 1
174 637 1
174 638 1
174 693 1
174 694 1
174 695 1
174 696 1
175 649 1
175 650 1
175 651 1
175 652 1
175 697 1
175 698 1
175 699 1
175 700 1
176 663 1
176 664 1
176 665 1
176 666 1
176 701 1
176 702 1
176 703 1
176 704 1
177 677 1
177 678 1
177 679 1
177 680 1
177 705 1
177 706 1
177 707 1
177 708 1
178 611 1
178 612 1
178 613 1
178 614 1
178 709 1
178 710 1
178 711 1
178 712 1
179 625 1
179 626 1
179 627 1
179 628 1
179 713 1
179 714 1
179 715 1
179 716 1
180 639 1
180 640 1
180 641 1
180 642 1
180 717 1
180 718 1
180 719 1
180 720 1
181 653 1
181 654 1
181 655 1
181 656 1
181 721 1
181 722 1
181 723 1
181 724 1
182 667 1
182 668 1
182 669 1
182 670 1
182 725 1
182 726 1
182 727 1
182 728 1
183 681 1
183 682 1
183 683 1
183 684 1
183 729 1
183 730 1
183 731 1
183 732 1
184 733 1
184 734 1
184 775 1
184 776 1
185 747 1
185 748 1
185 777 1
185 778 1
186 761 1
186 762 1
186 779 1
186 780 1
187 735 1
187 736 1
187 789 1
187 790 1
188 749 1
188 750 1
188 791 1
188 792 1
189 763 1
189 764 1
189 793 1
189 794 1
190 737 1
190 738 1
190 803 1
190 804 1
191 751 1
191 752 1
191 805 1
191 806 1
192 765 1
192 766 1
192 807 1
192 808 1
193 739 1
193 740 1
193 741 1
193 742 1
193 817 1
193 818 1
193 819 1
193 820 1
194 753 1
194 754 1
194 755 1
194 756 1
194 821 1
194 822 1
194 823 1
194 824 1
195 767 1
195 768 1
195 769 1
195 770 1
195 825 1
195 826 1
195 827 1
195 828 1
196 781 1
196 782 1
196 783 1
196 784 1
196 829 1
196 830 1
196 831 1
196 832 1
197 795 1
197 796 1
197 797 1
197 798 1
197 833 1
197 834 1
197 835 1
197 836 1
198 809 1
198 810 1
198 811 1
198 812 1
198 837 1
198 838 1
198 839 1
198 840 1
199 743 1
199 744 1
199 745 1
199 746 1
199 841 1
199 842 1
199 843 1
199 844 1
200 757 1
200 758 1
200 759 1
200 760 1
200 845 1
200 846 1
200 847 1
200 848 1
201 771 1
201 772 1
201 773 1
201 774 1
201 849 1
201 850 1
201 851 1
201 852 1
202 785 1
202 786 1
202 787 1
202 788 1
202 853 1
202 854 1
202 855 1
202 856 1
203 799 1
203 800 1
203 801 1
203 802 1
203 857 1
203 858 1
203 859 1
203 860 1
204 813 1
204 814 1
204 815 1
204 816 1
204 861 1
204 862 1
204 863 1
204 864 1
205 1 1
205 7 1
205 31 1
205 37 1
205 61 1
205 73 1
206 11 1
206 17 1
206 33 1
206 38 1
206 65 1
206 74 1
207 21 1
207 27 1
207 35 1
207 39 1
207 69 1
207 75 1
208 3 1
208 8 1
208 41 1
208 47 1
208 62 1
208 77 1
209 13 1
209 18 1
209 43 1
209 48 1
209 66 1
209 78 1
210 23 1
210 28 1
210 45 1
210 49 1
210 70 1
210 79 1
211 5 1
211 9 1
211 51 1
211 57 1
211 63 1
211 81 1
212 15 1
212 19 1
212 53 1
212 58 1
212 67 1
212 82 1
213 25 1
213 29 1
213 55 1
213 59 1
213 71 1
213 83 1
214 85 1
214 91 1
214 115 1
214 121 1
214 145 1
214 157 1
215 95 1
215 101 1
215 117 1
215 122 1
215 149 1
215 158 1
216 105 1
216 111 1
216 119 1
216 123 1
216 153 1
216 159 1
217 87 1
217 92 1
217 125 1
217 131 1
217 146 1
217 161 1
218 97 1
218 102 1
218 127 1
218 132 1
218 150 1
218 162 1
219 107 1
219 112 1
219 129 1
219 133 1
219 154 1
219 163 1
220 89 1
220 93 1
220 135 1
220 141 1
220 147 1
220 165 1
221 99 1
221 103 1
221 137 1
221 142 1
221 151 1
221 166 1
222 109 1
222 113 1
222 139 1
222 143 1
222 155 1
222 167 1
223 169 1
223 175 1
223 199 1
223 205 1
223 229 1
223 241 1
224 179 1
224 185 1
224 201 1
224 206 1
224 233 1
224 242 1
225 189 1
225 195 1
225 203 1
225 207 1
225 237 1
225 243 1
226 171 1
226 176 1
226 209 1
226 215 1
226 230 1
226 245 1
227 181 1
227 186 1
227 211 1
227 216 1
227 234 1
227 246 1
228 191 1
228 196 1
228 213 1
228 217 1
228 238 1
228 247 1
229 173 1
229 177 1
229 219 1
229 225 1
229 231 1
229 249 1
230 183 1
230 187 1
230 221 1
230 226 1
230 235 1
230 250 1
231 193 1
231 197 1
231 223 1
231 227 1
231 239 1
231 251 1
232 253 1
232 259 1
232 283 1
232 289 1
232 313 1
232 325 1
233 263 1
233 269 1
233 285 1
233 290 1
233 317 1
233 326 1
234 273 1
234 279 1
234 287 1
234 291 1
234 321 1
234 327 1
235 255 1
235 260 1
235 293 1
235 299 1
235 314 1
235 329 1
236 265 1
236 270 1
236 295 1
236 300 1
236 318 1
236 330 1
237 275 1
237 280 1
237 297 1
237 301 1
237 322 1
237 331 1
238 257 1
238 261 1
238 303 1
238 309 1
238 315 1
238 333 1
239 267 1
239 271 1
239 305 1
239 310 1
239 319 1
239 334 1
240 277 1
240 281 1
240 307 1
240 311 1
240 323 1
240 335 1
241 337 1
241 343 1
241 379 1
241 385 1
241 421 1
241 433 1
242 351 1
242 357 1
242 381 1
242 386 1
242 425 1
242 434 1
243 365 1
243 371 1
243 383 1
243 387 1
243 429 1
243 435 1
244 339 1
244 344 1
244 393 1
244 399 1
244 422 1
244 437 1
245 353 1
245 358 1
245 395 1
245 400 1
245 426 1
245 438 1
246 367 1
246 372 1
246 397 1
246 401 1
246 430 1
246 439 1
247 341 1
247 345 1
247 407 1
247 413 1
247 423 1
247 441 1
248 355 1
248 359 1
248 409 1
248 414 1
248 427 1
248 442 1
249 369 1
249 373 1
249 411 1
249 415 1
249 431 1
249 443 1
250 338 1
250 347 1
250 380 1
250 389 1
250 445 1
250 457 1
251 352 1
251 361 1
251 382 1
251 390 1
251 449 1
251 458 1
252 366 1
252 375 1
252 384 1
252 391 1
252 453 1
252 459 1
253 340 1
253 348 1
253 394 1
253 403 1
253 446 1
253 461 1
254 354 1
254 362 1
254 396 1
254 404 1
254 450 1
254 462 1
255 368 1
255 376 1
255 398 1
255 405 1
255 454 1
255 463 1
256 342 1
256 349 1
256 408 1
256 417 1
256 447 1
256 465 1
257 356 1
257 363 1
257 410 1
257 418 1
257 451 1
257 466 1
258 370 1
258 377 1
258 412 1
258 419 1
258 455 1
258 467 1
259 469 1
259 475 1
259 511 1
259 517 1
259 553 1
259 565 1
260 483 1
260 489 1
260 513 1
260 518 1
260 557 1
260 566 1
261 497 1
261 503 1
261 515 1
261 519 1
261 561 1
261 567 1
262 471 1
262 476 1
262 525 1
262 531 1
262 554 1
262 569 1
263 485 1
263 490 1
263 527 1
263 532 1
263 558 1
263 570 1
264 499 1
264 504 1
264 529 1
264 533 1
264 562 1
264 571 1
265 473 1
265 477 1
265 539 1
265 545 1
265 555 1
265 573 1
266 487 1
266 491 1
266 541 1
266 546 1
266 559 1
266 574 1
267 501 1
267 505 1
267 543 1
267 547 1
267 563 1
267 575 1
268 470 1
268 479 1
268 512 1
268 521 1
268 577 1
268 589 1
269 484 1
269 493 1
269 514 1
269 522 1
269 581 1
269 590 1
270 498 1
270 507 1
270 516 1
270 523 1
270 585 1
270 591 1
271 472 1
271 480 1
271 526 1
271 535 1
271 578 1
271 593 1
272 486 1
272 494 1
272 528 1
272 536 1
272 582 1
272 594 1
273 500 1
273 508 1
273 530 1
273 537 1
273 586 1
273 595 1
274 474 1
274 481 1
274 540 1
274 549 1
274 579 1
274 597 1
275 488 1
275 495 1
275 542 1
275 550 1
275 583 1
275 598 1
276 502 1
276 509 1
276 544 1
276 551 1
276 587 1
276 599 1
277 601 1
277 607 1
277 643 1
277 649 1
277 685 1
277 697 1
278 615 1
278 621 1
278 645 1
278 650 1
278 689 1
278 698 1
279 629 1
279 635 1
279 647 1
279 651 1
279 693 1
279 699 1
280 603 1
280 608 1
280 657 1
280 663 1
280 686 1
280 701 1
281 617 1
281 622 1
281 659 1
281 664 1
281 690 1
281 702 1
282 631 1
282 636 1
282 661 1
282 665 1
282 694 1
282 703 1
283 605 1
283 609 1
283 671 1
283 677 1
283 687 1
283 705 1
284 619 1
284 623 1
284 673 1
284 678 1
284 691 1
284 706 1
285 633 1
285 637 1
285 675 1
285 679 1
285 695 1
285 707 1
286 602 1
286 611 1
286 644 1
286 653 1
286 709 1
286 721 1
287 616 1
287 625 1
287 646 1
287 654 1
287 713 1
287 722 1
288 630 1
288 639 1
288 648 1
288 655 1
288 717 1
288 723 1
289 604 1
289 612 1
289 658 1
289 667 1
289 710 1
289 725 1
290 618 1
290 626 1
290 660 1
290 668 1
290 714 1
290 726 1
291 632 1
291 640 1
291 662 1
291 669 1
291 718 1
291 727 1
292 606 1
292 613 1
292 672 1
292 681 1
292 711 1
292 729 1
293 620 1
293 627 1
293 674 1
293 682 1
293 715 1
293 730 1
294 634 1
294 641 1
294 676 1
294 683 1
294 719 1
294 731 1
295 733 1
295 739 1
295 775 1
295 781 1
295 817 1
295 829 1
296 747 1
296 753 1
296 777 1
296 782 1
296 821 1
296 830 1
297 761 1
297 767 1
297 779 1
297 783 1
297 825 1
297 831 1
298 735 1
298 740 1
298 789 1
298 795 1
298 818 1
298 833 1
299 749 1
299 754 1
299 791 1
299 796 1
299 822 1
299 834 1
300 763 1
300 768 1
300 793 1
300 797 1
300 826 1
300 835 1
301 737 1
301 741 1
301 803 1
301 809 1
301 819 1
301 837 1
302 751 1
302 755 1
302 805 1
302 810 1
302 823 1
302 838 1
303 765 1
303 769 1
303 807 1
303 811 1
303 827 1
303 839 1
304 734 1
304 743 1
304 776 1
304 785 1
304 841 1
304 853 1
305 748 1
305 757 1
305 778 1
305 786 1
305 845 1
305 854 1
306 762 1
306 771 1
306 780 1
306 787 1
306 849 1
306 855 1
307 736 1
307 744 1
307 790 1
307 799 1
307 842 1
307 857 1
308 750 1
308 758 1
308 792 1
308 800 1
308 846 1
308 858 1
309 764 1
309 772 1
309 794 1
309 801 1
309 850 1
309 859 1
310 738 1
310 745 1
310 804 1
310 813 1
310 843 1
310 861 1
311 752 1
311 759 1
311 806 1
311 814 1
311 847 1
311 862 1
312 766 1
312 773 1
312 808 1
312 815 1
312 851 1
312 863 1
313 1 1
313 2 1
313 85 1
313 86 1
314 3 1
314 4 1
314 87 1
314 88 1
315 5 1
315 6 1
315 89 1
315 90 1
316 7 1
316 8 1
316 9 1
316 10 1
316 91 1
316 92 1
316 93 1
316 94 1
317 11 1
317 12 1
317 95 1
317 96 1
318 13 1
318 14 1
318 97 1
318 98 1
319 15 1
319 16 1
319 99 1
319 100 1
320 17 1
320 18 1
320 19 1
320 20 1
320 101 1
320 102 1
320 103 1
320 104 1
321 21 1
321 22 1
321 105 1
321 106 1
322 23 1
322 24 1
322 107 1
322 108 1
323 25 1
323 26 1
323 109 1
323 110 1
324 27 1
324 28 1
324 29 1
324 30 1
324 111 1
324 112 1
324 113 1
324 114 1
325 169 1
325 170 1
325 253 1
325 254 1
326 171 1
326 172 1
326 255 1
326 256 1
327 173 1
327 174 1
327 257 1
327 258 1
328 175 1
328 176 1
328 177 1
328 178 1
328 259 1
328 260 1
328 261 1
328 262 1
329 179 1
329 180 1
329 263 1
329 264 1
330 181 1
330 182 1
330 265 1
330 266 1
331 183 1
331 184 1
331 267 1
331 268 1
332 185 1
332 186 1
332 187 1
332 188 1
332 269 1
332 270 1
332 271 1
332 272 1
333 189 1
333 190 1
333 273 1
333 274 1
334 191 1
334 192 1
334 275 1
334 276 1
335 193 1
335 194 1
335 277 1
335 278 1
336 195 1
336 196 1
336 197 1
336 198 1
336 279 1
336 280 1
336 281 1
336 282 1
337 31 1
337 32 1
337 199 1
337 200 1
338 33 1
338 34 1
338 201 1
338 202 1
339 35 1
339 36 1
339 203 1
339 204 1
340 37 1
340 38 1
340 39 1
340 40 1
340 205 1
340 206 1
340 207 1
340 208 1
341 115 1
341 116 1
341 283 1
341 284 1
342 117 1
342 118 1
342 285 1
342 286 1
343 119 1
343 120 1
343 287 1
343 288 1
344 121 1
344 122 1
344 123 1
344 124 1
344 289 1
344 290 1
344 291 1
344 292 1
345 41 1
345 42 1
345 209 1
345 210 1
346 43 1
346 44 1
346 211 1
346 212 1
347 45 1
347 46 1
347 213 1
347 214 1
348 47 1
348 48 1
348 49 1
348 50 1
348 215 1
348 216 1
348 217 1
348 218 1
349 125 1
349 126 1
349 293 1
349 294 1
350 127 1
350 128 1
350 295 1
350 296 1
351 129 1
351 130 1
351 297 1
351 298 1
352 131 1
352 132 1
352 133 1
352 134 1
352 299 1
352 300 1
352 301 1
352 302 1
353 51 1
353 52 1
353 219 1
353 220 1
354 53 1
354 54 1
354 221 1
354 222 1
355 55 1
355 56 1
355 223 1
355 224 1
356 57 1
356 58 1
356 59 1
356 60 1
356 225 1
356 226 1
356 227 1
356 228 1
357 135 1
357 136 1
357 303 1
357 304 1
358 137 1
358 138 1
358 305 1
358 306 1
359 139 1
359 140 1
359 307 1
359 308 1
360 141 1
360 142 1
360 143 1
360 144 1
360 309 1
360 310 1
360 311 1
360 312 1
361 337 1
361 338 1
361 469 1
361 470 1
362 339 1
362 340 1
362 471 1
362 472 1
363 341 1
363 342 1
363 473 1
363 474 1
364 343 1
364 344 1
364 345 1
364 346 1
364 475 1
364 476 1
364 477 1
364 478 1
365 347 1
365 348 1
365 349 1
365 350 1
365 479 1
365 480 1
365 481 1
365 482 1
366 351 1
366 352 1
366 483 1
366 484 1
367 353 1
367 354 1
367 485 1
367 486 1
368 355 1
368 356 1
368 487 1
368 488 1
369 357 1
369 358 1
369 359 1
369 360 1
369 489 1
369 490 1
369 491 1
369 492 1
370 361 1
370 362 1
370 363 1
370 364 1
370 493 1
370 494 1
370 495 1
370 496 1
371 365 1
371 366 1
371 497 1
371 498 1
372 367 1
372 368 1
372 499 1
372 500 1
373 369 1
373 370 1
373 501 1
373 502 1
374 371 1
374 372 1
374 373 1
374 374 1
374 503 1
374 504 1
374 505 1
374 506 1
375 375 1
375 376 1
375 377 1
375 378 1
375 507 1
375 508 1
375 509 1
375 510 1
376 601 1
376 602 1
376 733 1
376 734 1
377 603 1
377 604 1
377 735 1
377 736 1
378 605 1
378 606 1
378 737 1
378 738 1
379 607 1
379 608 1
379 609 1
379 610 1
379 739 1
379 740 1
379 741 1
379 742 1
380 611 1
380 612 1
380 613 1
380 614 1
380 743 1
380 744 1
380 745 1
380 746 1
381 615 1
381 616 1
381 747 1
381 748 1
382 617 1
382 618 1
382 749 1
382 750 1
383 619 1
383 620 1
383 751 1
383 752 1
384 621 1
384 622 1
384 623 1
384 624 1
384 753 1
384 754 1
384 755 1
384 756 1
385 625 1
385 626 1
385 627 1
385 628 1
385 757 1
385 758 1
385 759 1
385 760 1
386 629 1
386 630 1
386 761 1
386 762 1
387 631 1
387 632 1
387 763 1
387 764 1
388 633 1
388 634 1
388 765 1
388 766 1
389 635 1
389 636 1
389 637 1
389 638 1
389 767 1
389 768 1
389 769 1
389 770 1
390 639 1
390 640 1
390 641 1
390 642 1
390 771 1
390 772 1
390 773 1
390 774 1
391 379 1
391 380 1
391 643 1
391 644 1
392 381 1
392 382 1
392 645 1
392 646 1
393 383 1
393 384 1
393 647 1
393 648 1
394 385 1
394 386 1
394 387 1
394 388 1
394 649 1
394 650 1
394 651 1
394 652 1
395 389 1
395 390 1
395 391 1
395 392 1
395 653 1
395 654 1
395 655 1
395 656 1
396 511 1
396 512 1
396 775 1
396 776 1
397 513 1
397 514 1
397 777 1
397 778 1
398 515 1
398 516 1
398 779 1
398 780 1
399 517 1
399 518 1
399 519 1
399 520 1
399 781 1
399 782 1
399 783 1
399 784 1
400 521 1
400 522 1
400 523 1
400 524 1
400 785 1
400 786 1
400 787 1
400 788 1
401 393 1
401 394 1
401 657 1
401 658 1
402 395 1
402 396 1
402 659 1
402 660 1
403 397 1
403 398 1
403 661 1
403 662 1
404 399 1
404 400 1
404 401 1
404 402 1
404 663 1
404 664 1
404 665 1
404 666 1
405 403 1
405 404 1
405 405 1
405 406 1
405 667 1
405 668 1
405 669 1
405 670 1
406 525 1
406 526 1
406 789 1
406 790 1
407 527 1
407 528 1
407 791 1
407 792 1
408 529 1
408 530 1
408 793 1
408 794 1
409 531 1
409 532 1
409 533 1
409 534 1
409 795 1
409 796 1
409 797 1
409 798 1
410 535 1
410 536 1
410 537 1
410 538 1
410 799 1
410 800 1
410 801 1
410 802 1
411 407 1
411 408 1
411 671 1
411 672 1
412 409 1
412 410 1
412 673 1
412 674 1
413 411 1
413 412 1
413 675 1
413 676 1
414 413 1
414 414 1
414 415 1
414 416 1
414 677 1
414 678 1
414 679 1
414 680 1
415 417 1
415 418 1
415 419 1
415 420 1
415 681 1
415 682 1
415 683 1
415 684 1
416 539 1
416 540 1
416 803 1
416 804 1
417 541 1
417 542 1
417 805 1
417 806 1
418 543 1
418 544 1
418 807 1
418 808 1
419 545 1
419 546 1
419 547 1
419 548 1
419 809 1
419 810 1
419 811 1
419 812 1
420 549 1
420 550 1
420 551 1
420 552 1
420 813 1
420 814 1
420 815 1
420 816 1
421 421 1
421 422 1
421 423 1
421 424 1
421 865 1
421 866 1
421 867 1
421 868 1
422 425 1
422 426 1
422 427 1
422 428 1
422 869 1
422 870 1
422 871 1
422 872 1
423 429 1
423 430 1
423 431 1
423 432 1
423 873 1
423 874 1
423 875 1
423 876 1
424 433 1
424 434 1
424 435 1
424 436 1
424 877 1
424 878 1
424 879 1
424 880 1
425 437 1
425 438 1
425 439 1
425 440 1
425 881 1
425 882 1
425 883 1
425 884 1
426 441 1
426 442 1
426 443 1
426 444 1
426 885 1
426 886 1
426 887 1
426 888 1
427 553 1
427 554 1
427 555 1
427 556 1
427 889 1
427 890 1
427 891 1
427 892 1
428 557 1
428 558 1
428 559 1
428 560 1
428 893 1
428 894 1
428 895 1
428 896 1
429 561 1
429 562 1
429 563 1
429 564 1
429 897 1
429 898 1
429 899 1
429 900 1
430 565 1
430 566 1
430 567 1
430 568 1
430 901 1
430 902 1
430 903 1
430 904 1
431 569 1
431 570 1
431 571 1
431 572 1
431 905 1
431 906 1
431 907 1
431 908 1
432 573 1
432 574 1
432 575 1
432 576 1
432 909 1
432 910 1
432 911 1
432 912 1
433 685 1
433 686 1
433 687 1
433 688 1
433 913 1
433 914 1
433 915 1
433 916 1
434 689 1
434 690 1
434 691 1
434 692 1
434 917 1
434 918 1
434 919 1
434 920 1
435 693 1
435 694 1
435 695 1
435 696 1
435 921 1
435 922 1
435 923 1
435 924 1
436 697 1
436 698 1
436 699 1
436 700 1
436 925 1
436 926 1
436 927 1
436 928 1
437 701 1
437 702 1
437 703 1
437 704 1
437 929 1
437 930 1
437 931 1
437 932 1
438 705 1
438 706 1
438 707 1
438 708 1
438 933 1
438 934 1
438 935 1
438 936 1
439 817 1
439 818 1
439 819 1
439 820 1
439 937 1
439 938 1
439 939 1
439 940 1
440 821 1
440 822 1
440 823 1
440 824 1
440 941 1
440 942 1
440 943 1
440 944 1
441 825 1
441 826 1
441 827 1
441 828 1
441 945 1
441 946 1
441 947 1
441 948 1
442 829 1
442 830 1
442 831 1
442 832 1
442 949 1
442 950 1
442 951 1
442 952 1
443 833 1
443 834 1
443 835 1
443 836 1
443 953 1
443 954 1
443 955 1
443 956 1
444 837 1
444 838 1
444 839 1
444 840 1
444 957 1
444 958 1
444 959 1
444 960 1
445 445 1
445 446 1
445 447 1
445 448 1
445 961 1
445 962 1
445 963 1
445 964 1
446 449 1
446 450 1
446 451 1
446 452 1
446 965 1
446 966 1
446 967 1
446 968 1
447 453 1
447 454 1
447 455 1
447 456 1
447 969 1
447 970 1
447 971 1
447 972 1
448 457 1
448 458 1
448 459 1
448 460 1
448 973 1
448 974 1
448 975 1
448 976 1
449 461 1
449 462 1
449 463 1
449 464 1
449 977 1
449 978 1
449 979 1
449 980 1
450 465 1
450 466 1
450 467 1
450 468 1
450 981 1
450 982 1
450 983 1
450 984 1
451 577 1
451 578 1
451 579 1
451 580 1
451 985 1
451 986 1
451 987 1
451 988 1
452 581 1
452 582 1
452 583 1
452 584 1
452 989 1
452 990 1
452 991 1
452 992 1
453 585 1
453 586 1
453 587 1
453 588 1
453 993 1
453 994 1
453 995 1
453 996 1
454 589 1
454 590 1
454 591 1
454 592 1
454 997 1
454 998 1
454 999 1
454 1000 1
455 593 1
455 594 1
455 595 1
455 596 1
455 1001 1
455 1002 1
455 1003 1
455 1004 1
456 597 1
456 598 1
456 599 1
456 600 1
456 1005 1
456 1006 1
456 1007 1
456 1008 1
457 709 1
457 710 1
457 711 1
457 712 1
457 1009 1
457 1010 1
457 1011 1
457 1012 1
458 713 1
458 714 1
458 715 1
458 716 1
458 1013 1
458 1014 1
458 1015 1
458 1016 1
459 717 1
459 718 1
459 719 1
459 720 1
459 1017 1
459 1018 1
459 1019 1
459 1020 1
460 721 1
460 722 1
460 723 1
460 724 1
460 1021 1
460 1022 1
460 1023 1
460 1024 1
461 725 1
461 726 1
461 727 1
461 728 1
461 1025 1
461 1026 1
461 1027 1
461 1028 1
462 729 1
462 730 1
462 731 1
462 732 1
462 1029 1
462 1030 1
462 1031 1
462 1032 1
463 841 1
463 842 1
463 843 1
463 844 1
463 1033 1
463 1034 1
463 1035 1
463 1036 1
464 845 1
464 846 1
464 847 1
464 848 1
464 1037 1
464 1038 1
464 1039 1
464 1040 1
465 849 1
465 850 1
465 851 1
465 852 1
465 1041 1
465 1042 1
465 1043 1
465 1044 1
466 853 1
466 854 1
466 855 1
466 856 1
466 1045 1
466 1046 1
466 1047 1
466 1048 1
467 857 1
467 858 1
467 859 1
467 860 1
467 1049 1
467 1050 1
467 1051 1
467 1052 1
468 861 1
468 862 1
468 863 1
468 864 1
468 1053 1
468 1054 1
468 1055 1
468 1056 1
469 61 1
469 62 1
469 63 1
469 64 1
469 1057 1
469 1058 1
469 1059 1
469 1060 1
470 65 1
470 66 1
470 67 1
470 68 1
470 1061 1
470 1062 1
470 1063 1
470 1064 1
471 69 1
471 70 1
471 71 1
471 72 1
471 1065 1
471 1066 1
471 1067 1
471 1068 1
472 73 1
472 74 1
472 75 1
472 76 1
472 1069 1
472 1070 1
472 1071 1
472 1072 1
473 77 1
473 78 1
473 79 1
473 80 1
473 1073 1
473 1074 1
473 1075 1
473 1076 1
474 81 1
474 82 1
474 83 1
474 84 1
474 1077 1
474 1078 1
474 1079 1
474 1080 1
475 145 1
475 146 1
475 147 1
475 148 1
475 1081 1
475 1082 1
475 1083 1
475 1084 1
476 149 1
476 150 1
476 151 1
476 152 1
476 1085 1
476 1086 1
476 1087 1
476 1088 1
477 153 1
477 154 1
477 155 1
477 156 1
477 1089 1
477 1090 1
477 1091 1
477 1092 1
478 157 1
478 158 1
478 159 1
478 160 1
478 1093 1
478 1094 1
478 1095 1
478 1096 1
479 161 1
479 162 1
479 163 1
479 164 1
479 1097 1
479 1098 1
479 1099 1
479 1100 1
480 165 1
480 166 1
480 167 1
480 168 1
480 1101 1
480 1102 1
480 1103 1
480 1104 1
481 229 1
481 230 1
481 231 1
481 232 1
481 1105 1
481 1106 1
481 1107 1
481 1108 1
482 233 1
482 234 1
482 235 1
482 236 1
482 1109 1
482 1110 1
482 1111 1
482 1112 1
483 237 1
483 238 1
483 239 1
483 240 1
483 1113 1
483 1114 1
483 1115 1
483 1116 1
484 241 1
484 242 1
484 243 1
484 244 1
484 1117 1
484 1118 1
484 1119 1
484 1120 1
485 245 1
485 246 1
485 247 1
485 248 1
485 1121 1
485 1122 1
485 1123 1
485 1124 1
486 249 1
486 250 1
486 251 1
486 252 1
486 1125 1
486 1126 1
486 1127 1
486 1128 1
487 313 1
487 314 1
487 315 1
487 316 1
487 1129 1
487 1130 1
487 1131 1
487 1132 1
488 317 1
488 318 1
488 319 1
488 320 1
488 1133 1
488 1134 1
488 1135 1
488 1136 1
489 321 1
489 322 1
489 323 1
489 324 1
489 1137 1
489 1138 1
489 1139 1
489 1140 1
490 325 1
490 326 1
490 327 1
490 328 1
490 1141 1
490 1142 1
490 1143 1
490 1144 1
491 329 1
491 330 1
491 331 1
491 332 1
491 1145 1
491 1146 1
491 1147 1
491 1148 1
492 333 1
492 334 1
492 335 1
492 336 1
492 1149 1
492 1150 1
492 1151 1
492 1152 1
493 1 1
493 7 1
493 85 1
493 91 1
494 3 1
494 8 1
494 87 1
494 92 1
495 5 1
495 9 1
495 89 1
495 93 1
496 11 1
496 17 1
496 95 1
496 101 1
497 13 1
497 18 1
497 97 1
497 102 1
498 15 1
498 19 1
498 99 1
498 103 1
499 21 1
499 27 1
499 105 1
499 111 1
500 23 1
500 28 1
500 107 1
500 112 1
501 25 1
501 29 1
501 109 1
501 113 1
502 169 1
502 175 1
502 253 1
502 259 1
503 171 1
503 176 1
503 255 1
503 260 1
504 173 1
504 177 1
504 257 1
504 261 1
505 179 1
505 185 1
505 263 1
505 269 1
506 181 1
506 186 1
506 265 1
506 270 1
507 183 1
507 187 1
507 267 1
507 271 1
508 189 1
508 195 1
508 273 1
508 279 1
509 191 1
509 196 1
509 275 1
509 280 1
510 193 1
510 197 1
510 277 1
510 281 1
511 31 1
511 37 1
511 199 1
511 205 1
512 33 1
512 38 1
512 201 1
512 206 1
513 35 1
513 39 1
513 203 1
513 207 1
514 115 1
514 121 1
514 283 1
514 289 1
515 117 1
515 122 1
515 285 1
515 290 1
516 119 1
516 123 1
516 287 1
516 291 1
517 41 1
517 47 1
517 209 1
517 215 1
518 43 1
518 48 1
518 211 1
518 216 1
519 45 1
519 49 1
519 213 1
519 217 1
520 125 1
520 131 1
520 293 1
520 299 1
521 127 1
521 132 1
521 295 1
521 300 1
522 129 1
522 133 1
522 297 1
522 301 1
523 51 1
523 57 1
523 219 1
523 225 1
524 53 1
524 58 1
524 221 1
524 226 1
525 55 1
525 59 1
525 223 1
525 227 1
526 135 1
526 141 1
526 303 1
526 309 1
527 137 1
527 142 1
527 305 1
527 310 1
528 139 1
528 143 1
528 307 1
528 311 1
529 337 1
529 343 1
529 469 1
529 475 1
530 339 1
530 344 1
530 471 1
530 476 1
531 341 1
531 345 1
531 473 1
531 477 1
532 338 1
532 347 1
532 470 1
532 479 1
533 340 1
533 348 1
533 472 1
533 480 1
534 342 1
534 349 1
534 474 1
534 481 1
535 351 1
535 357 1
535 483 1
535 489 1
536 353 1
536 358 1
536 485 1
536 490 1
537 355 1
537 359 1
537 487 1
537 491 1
538 352 1
538 361 1
538 484 1
538 493 1
539 354 1
539 362 1
539 486 1
539 494 1
540 356 1
540 363 1
540 488 1
540 495 1
541 365 1
541 371 1
541 497 1
541 503 1
542 367 1
542 372 1
542 499 1
542 504 1
543 369 1
543 373 1
543 501 1
543 505 1
544 366 1
544 375 1
544 498 1
544 507 1
545 368 1
545 376 1
545 500 1
545 508 1
546 370 1
546 377 1
546 502 1
546 509 1
547 601 1
547 607 1
547 733 1
547 739 1
548 603 1
548 608 1
548 735 1
548 740 1
549 605 1
549 609 1
549 737 1
549 741 1
550 602 1
550 611 1
550 734 1
550 743 1
551 604 1
551 612 1
551 736 1
551 744 1
552 606 1
552 613 1
552 738 1
552 745 1
553 615 1
553 621 1
553 747 1
553 753 1
554 617 1
554 622 1
554 749 1
554 754 1
555 619 1
555 623 1
555 751 1
555 755 1
556 616 1
556 625 1
556 748 1
556 757 1
557 618 1
557 626 1
557 750 1
557 758 1
558 620 1
558 627 1
558 752 1
558 759 1
559 629 1
559 635 1
559 761 1
559 767 1
560 631 1
560 636 1
560 763 1
560 768 1
561 633 1
561 637 1
561 765 1
561 769 1
562 630 1
562 639 1
562 762 1
562 771 1
563 632 1
563 640 1
563 764 1
563 772 1
564 634 1
564 641 1
564 766 1
564 773 1
565 379 1
565 385 1
565 643 1
565 649 1
566 381 1
566 386 1
566 645 1
566 650 1
567 383 1
567 387 1
567 647 1
567 651 1
568 380 1
568 389 1
568 644 1
568 653 1
569 382 1
569 390 1
569 646 1
569 654 1
570 384 1
570 391 1
570 648 1
570 655 1
571 511 1
571 517 1
571 775 1
571 781 1
572 513 1
572 518 1
572 777 1
572 782 1
573 515 1
573 519 1
573 779 1
573 783 1
574 512 1
574 521 1
574 776 1
574 785 1
575 514 1
575 522 1
575 778 1
575 786 1
576 516 1
576 523 1
576 780 1
576 787 1
577 393 1
577 399 1
577 657 1
577 663 1
578 395 1
578 400 1
578 659 1
578 664 1
579 397 1
579 401 1
579 661 1
579 665 1
580 394 1
580 403 1
580 658 1
580 667 1
581 396 1
581 404 1
581 660 1
581 668 1
582 398 1
582 405 1
582 662 1
582 669 1
583 525 1
583 531 1
583 789 1
583 795 1
584 527 1
584 532 1
584 791 1
584 796 1
585 529 1
585 533 1
585 793 1
585 797 1
586 526 1
586 535 1
586 790 1
586 799 1
587 528 1
587 536 1
587 792 1
587 800 1
588 530 1
588 537 1
588 794 1
588 801 1
589 407 1
589 413 1
589 671 1
589 677 1
590 409 1
590 414 1
590 673 1
590 678 1
591 411 1
591 415 1
591 675 1
591 679 1
592 408 1
592 417 1
592 672 1
592 681 1
593 410 1
593 418 1
593 674 1
593 682 1
594 412 1
594 419 1
594 676 1
594 683 1
595 539 1
595 545 1
595 803 1
595 809 1
596 541 1
596 546 1
596 805 1
596 810 1
597 543 1
597 547 1
597 807 1
597 811 1
598 540 1
598 549 1
598 804 1
598 813 1
599 542 1
599 550 1
599 806 1
599 814 1
600 544 1
600 551 1
600 808 1
600 815 1
601 421 1
601 433 1
601 865 1
601 877 1
602 425 1
602 434 1
602 869 1
602 878 1
603 429 1
603 435 1
603 873 1
603 879 1
604 422 1
604 437 1
604 866 1
604 881 1
605 426 1
605 438 1
605 870 1
605 882 1
606 430 1
606 439 1
606 874 1
606 883 1
607 423 1
607 441 1
607 867 1
607 885 1
608 427 1
608 442 1
608 871 1
608 886 1
609 431 1
609 443 1
609 875 1
609 887 1
610 553 1
610 565 1
610 889 1
610 901 1
611 557 1
611 566 1
611 893 1
611 902 1
612 561 1
612 567 1
612 897 1
612 903 1
613 554 1
613 569 1
613 890 1
613 905 1
614 558 1
614 570 1
614 894 1
614 906 1
615 562 1
615 571 1
615 898 1
615 907 1
616 555 1
616 573 1
616 891 1
616 909 1
617 559 1
617 574 1
617 895 1
617 910 1
618 563 1
618 575 1
618 899 1
618 911 1
619 685 1
619 697 1
619 913 1
619 925 1
620 689 1
620 698 1
620 917 1
620 926 1
621 693 1
621 699 1
621 921 1
621 927 1
622 686 1
622 701 1
622 914 1
622 929 1
623 690 1
623 702 1
623 918 1
623 930 1
624 694 1
624 703 1
624 922 1
624 931 1
625 687 1
625 705 1
625 915 1
625 933 1
626 691 1
626 706 1
626 919 1
626 934 1
627 695 1
627 707 1
627 923 1
627 935 1
628 817 1
628 829 1
628 937 1
628 949 1
629 821 1
629 830 1
629 941 1
629 950 1
630 825 1
630 831 1
630 945 1
630 951 1
631 818 1
631 833 1
631 938 1
631 953 1
632 822 1
632 834 1
632 942 1
632 954 1
633 826 1
633 835 1
633 946 1
633 955 1
634 819 1
634 837 1
634 939 1
634 957 1
635 823 1
635 838 1
635 943 1
635 958 1
636 827 1
636 839 1
636 947 1
636 959 1
637 445 1
637 457 1
637 961 1
637 973 1
638 449 1
638 458 1
638 965 1
638 974 1
639 453 1
639 459 1
639 969 1
639 975 1
640 446 1
640 461 1
640 962 1
640 977 1
641 450 1
641 462 1
641 966 1
641 978 1
642 454 1
642 463 1
642 970 1
642 979 1
643 447 1
643 465 1
643 963 1
643 981 1
644 451 1
644 466 1
644 967 1
644 982 1
645 455 1
645 467 1
645 971 1
645 983 1
646 577 1
646 589 1
646 985 1
646 997 1
647 581 1
647 590 1
647 989 1
647 998 1
648 585 1
648 591 1
648 993 1
648 999 1
649 578 1
649 593 1
649 986 1
649 1001 1
650 582 1
650 594 1
650 990 1
650 1002 1
651 586 1
651 595 1
651 994 1
651 1003 1
652 579 1
652 597 1
652 987 1
652 1005 1
653 583 1
653 598 1
653 991 1
653 1006 1
654 587 1
654 599 1
654 995 1
654 1007 1
655 709 1
655 721 1
655 1009 1
655 1021 1
656 713 1
656 722 1
656 1013 1
656 1022 1
657 717 1
657 723 1
657 1017 1
657 1023 1
658 710 1
658 725 1
658 1010 1
658 1025 1
659 714 1
659 726 1
659 1014 1
659 1026 1
660 718 1
660 727 1
660 1018 1
660 1027 1
661 711 1
661 729 1
661 1011 1
661 1029 1
662 715 1
662 730 1
662 1015 1
662 1030 1
663 719 1
663 731 1
663 1019 1
663 1031 1
664 841 1
664 853 1
664 1033 1
664 1045 1
665 845 1
665 854 1
665 1037 1
665 1046 1
666 849 1
666 855 1
666 1041 1
666 1047 1
667 842 1
667 857 1
667 1034 1
667 1049 1
668 846 1
668 858 1
668 1038 1
668 1050 1
669 850 1
669 859 1
669 1042 1
669 1051 1
670 843 1
670 861 1
670 1035 1
670 1053 1
671 847 1
671 862 1
671 1039 1
671 1054 1
672 851 1
672 863 1
672 1043 1
672 1055 1
673 61 1
673 73 1
673 1057 1
673 1069 1
674 65 1
674 74 1
674 1061 1
674 1070 1
675 69 1
675 75 1
675 1065 1
675 1071 1
676 62 1
676 77 1
676 1058 1
676 1073 1
677 66 1
677 78 1
677 1062 1
677 1074 1
678 70 1
678 79 1
678 1066 1
678 1075 1
679 63 1
679 81 1
679 1059 1
679 1077 1
680 67 1
680 82 1
680 1063 1
680 1078 1
681 71 1
681 83 1
681 1067 1
681 1079 1
682 145 1
682 157 1
682 1081 1
682 1093 1
683 149 1
683 158 1
683 1085 1
683 1094 1
684 153 1
684 159 1
684 1089 1
684 1095 1
685 146 1
685 161 1
685 1082 1
685 1097 1
686 150 1
686 162 1
686 1086 1
686 1098 1
687 154 1
687 163 1
687 1090 1
687 1099 1
688 147 1
688 165 1
688 1083 1
688 1101 1
689 151 1
689 166 1
689 1087 1
689 1102 1
690 155 1
690 167 1
690 1091 1
690 1103 1
691 229 1
691 241 1
691 1105 1
691 1117 1
692 233 1
692 242 1
692 1109 1
692 1118 1
693 237 1
693 243 1
693 1113 1
693 1119 1
694 230 1
694 245 1
694 1106 1
694 1121 1
695 234 1
695 246 1
695 1110 1
695 1122 1
696 238 1
696 247 1
696 1114 1
696 1123 1
697 231 1
697 249 1
697 1107 1
697 1125 1
698 235 1
698 250 1
698 1111 1
698 1126 1
699 239 1
699 251 1
699 1115 1
699 1127 1
700 313 1
700 325 1
700 1129 1
700 1141 1
701 317 1
701 326 1
701 1133 1
701 1142 1
702 321 1
702 327 1
702 1137 1
702 1143 1
703 314 1
703 329 1
703 1130 1
703 1145 1
704 318 1
704 330 1
704 1134 1
704 1146 1
705 322 1
705 331 1
705 1138 1
705 1147 1
706 315 1
706 333 1
706 1131 1
706 1149 1
707 319 1
707 334 1
707 1135 1
707 1150 1
708 323 1
708 335 1
708 1139 1
708 1151 1
709 1 1
709 85 1
709 169 1
709 253 1
709 31 1
709 199 1
709 115 1
709 283 1
710 11 1
710 95 1
710 179 1
710 263 1
710 33 1
710 201 1
710 117 1
710 285 1
711 21 1
711 105 1
711 189 1
711 273 1
711 35 1
711 203 1
711 119 1
711 287 1
712 3 1
712 87 1
712 171 1
712 255 1
712 41 1
712 209 1
712 125 1
712 293 1
713 13 1
713 97 1
713 181 1
713 265 1
713 43 1
713 211 1
713 127 1
713 295 1
714 23 1
714 107 1
714 191 1
714 275 1
714 45 1
714 213 1
714 129 1
714 297 1
715 5 1
715 89 1
715 173 1
715 257 1
715 51 1
715 219 1
715 135 1
715 303 1
716 15 1
716 99 1
716 183 1
716 267 1
716 53 1
716 221 1
716 137 1
716 305 1
717 25 1
717 109 1
717 193 1
717 277 1
717 55 1
717 223 1
717 139 1
717 307 1
718 337 1
718 469 1
718 601 1
718 733 1
718 379 1
718 643 1
718 511 1
718 775 1
719 338 1
719 470 1
719 602 1
719 734 1
719 380 1
719 644 1
719 512 1
719 776 1
720 351 1
720 483 1
720 615 1
720 747 1
720 381 1
720 645 1
720 513 1
720 777 1
721 352 1
721 484 1
721 616 1
721 748 1
721 382 1
721 646 1
721 514 1
721 778 1
722 365 1
722 497 1
722 629 1
722 761 1
722 383 1
722 647 1
722 515 1
722 779 1
723 366 1
723 498 1
723 630 1
723 762 1
723 384 1
723 648 1
723 516 1
723 780 1
724 339 1
724 471 1
724 603 1
724 735 1
724 393 1
724 657 1
724 525 1
724 789 1
725 340 1
725 472 1
725 604 1
725 736 1
725 394 1
725 658 1
725 526 1
725 790 1
726 353 1
726 485 1
726 617 1
726 749 1
726 395 1
726 659 1
726 527 1
726 791 1
727 354 1
727 486 1
727 618 1
727 750 1
727 396 1
727 660 1
727 528 1
727 792 1
728 367 1
728 499 1
728 631 1
728 763 1
728 397 1
728 661 1
728 529 1
728 793 1
729 368 1
729 500 1
729 632 1
729 764 1
729 398 1
729 662 1
729 530 1
729 794 1
730 341 1
730 473 1
730 605 1
730 737 1
730 407 1
730 671 1
730 539 1
730 803 1
731 342 1
731 474 1
731 606 1
731 738 1
731 408 1
731 672 1
731 540 1
731 804 1
732 355 1
732 487 1
732 619 1
732 751 1
732 409 1
732 673 1
732 541 1
732 805 1
733 356 1
733 488 1
733 620 1
733 752 1
733 410 1
733 674 1
733 542 1
733 806 1
734 369 1
734 501 1
734 633 1
734 765 1
734 411 1
734 675 1
734 543 1
734 807 1
735 370 1
735 502 1
735 634 1
735 766 1
735 412 1
735 676 1
735 544 1
735 808 1
736 343 1
736 475 1
736 421 1
736 865 1
736 553 1
736 889 1
737 344 1
737 476 1
737 422 1
737 866 1
737 554 1
737 890 1
738 345 1
738 477 1
738 423 1
738 867 1
738 555 1
738 891 1
739 357 1
739 489 1
739 425 1
739 869 1
739 557 1
739 893 1
740 358 1
740 490 1
740 426 1
740 870 1
740 558 1
740 894 1
741 359 1
741 491 1
741 427 1
741 871 1
741 559 1
741 895 1
742 371 1
742 503 1
742 429 1
742 873 1
742 561 1
742 897 1
743 372 1
743 504 1
743 430 1
743 874 1
743 562 1
743 898 1
744 373 1
744 505 1
744 431 1
744 875 1
744 563 1
744 899 1
745 607 1
745 739 1
745 685 1
745 913 1
745 817 1
745 937 1
746 608 1
746 740 1
746 686 1
746 914 1
746 818 1
746 938 1
747 609 1
747 741 1
747 687 1
747 915 1
747 819 1
747 939 1
748 621 1
748 753 1
748 689 1
748 917 1
748 821 1
748 941 1
749 622 1
749 754 1
749 690 1
749 918 1
749 822 1
749 942 1
750 623 1
750 755 1
750 691 1
750 919 1
750 823 1
750 943 1
751 635 1
751 767 1
751 693 1
751 921 1
751 825 1
751 945 1
752 636 1
752 768 1
752 694 1
752 922 1
752 826 1
752 946 1
753 637 1
753 769 1
753 695 1
753 923 1
753 827 1
753 947 1
754 385 1
754 649 1
754 433 1
754 877 1
754 697 1
754 925 1
755 386 1
755 650 1
755 434 1
755 878 1
755 698 1
755 926 1
756 387 1
756 651 1
756 435 1
756 879 1
756 699 1
756 927 1
757 517 1
757 781 1
757 565 1
757 901 1
757 829 1
757 949 1
758 518 1
758 782 1
758 566 1
758 902 1
758 830 1
758 950 1
759 519 1
759 783 1
759 567 1
759 903 1
759 831 1
759 951 1
760 399 1
760 663 1
760 437 1
760 881 1
760 701 1
760 929 1
761 400 1
761 664 1
761 438 1
761 882 1
761 702 1
761 930 1
762 401 1
762 665 1
762 439 1
762 883 1
762 703 1
762 931 1
763 531 1
763 795 1
763 569 1
763 905 1
763 833 1
763 953 1
764 532 1
764 796 1
764 570 1
764 906 1
764 834 1
764 954 1
765 533 1
765 797 1
765 571 1
765 907 1
765 835 1
765 955 1
766 413 1
766 677 1
766 441 1
766 885 1
766 705 1
766 933 1
767 414 1
767 678 1
767 442 1
767 886 1
767 706 1
767 934 1
768 415 1
768 679 1
768 443 1
768 887 1
768 707 1
768 935 1
769 545 1
769 809 1
769 573 1
769 909 1
769 837 1
769 957 1
770 546 1
770 810 1
770 574 1
770 910 1
770 838 1
770 958 1
771 547 1
771 811 1
771 575 1
771 911 1
771 839 1
771 959 1
772 347 1
772 479 1
772 445 1
772 961 1
772 577 1
772 985 1
773 348 1
773 480 1
773 446 1
773 962 1
773 578 1
773 986 1
774 349 1
774 481 1
774 447 1
774 963 1
774 579 1
774 987 1
775 361 1
775 493 1
775 449 1
775 965 1
775 581 1
775 989 1
776 362 1
776 494 1
776 450 1
776 966 1
776 582 1
776 990 1
777 363 1
777 495 1
777 451 1
777 967 1
777 583 1
777 991 1
778 375 1
778 507 1
778 453 1
778 969 1
778 585 1
778 993 1
779 376 1
779 508 1
779 454 1
779 970 1
779 586 1
779 994 1
780 377 1
780 509 1
780 455 1
780 971 1
780 587 1
780 995 1
781 611 1
781 743 1
781 709 1
781 1009 1
781 841 1
781 1033 1
782 612 1
782 744 1
782 710 1
782 1010 1
782 842 1
782 1034 1
783 613 1
783 745 1
783 711 1
783 1011 1
783 843 1
783 1035 1
784 625 1
784 757 1
784 713 1
784 1013 1
784 845 1
784 1037 1
785 626 1
785 758 1
785 714 1
785 1014 1
785 846 1
785 1038 1
786 627 1
786 759 1
786 715 1
786 1015 1
786 847 1
786 1039 1
787 639 1
787 771 1
787 717 1
787 1017 1
787 849 1
787 1041 1
788 640 1
788 772 1
788 718 1
788 1018 1
788 850 1
788 1042 1
789 641 1
789 773 1
789 719 1
789 1019 1
789 851 1
789 1043 1
790 389 1
790 653 1
790 457 1
790 973 1
790 721 1
790 1021 1
791 390 1
791 654 1
791 458 1
791 974 1
791 722 1
791 1022 1
792 391 1
792 655 1
792 459 1
792 975 1
792 723 1
792 1023 1
793 521 1
793 785 1
793 589 1
793 997 1
793 853 1
793 1045 1
794 522 1
794 786 1
794 590 1
794 998 1
794 854 1
794 1046 1
795 523 1
795 787 1
795 591 1
795 999 1
795 855 1
795 1047 1
796 403 1
796 667 1
796 461 1
796 977 1
796 725 1
796 1025 1
797 404 1
797 668 1
797 462 1
797 978 1
797 726 1
797 1026 1
798 405 1
798 669 1
798 463 1
798 979 1
798 727 1
798 1027 1
799 535 1
799 799 1
799 593 1
799 1001 1
799 857 1
799 1049 1
800 536 1
800 800 1
800 594 1
800 1002 1
800 858 1
800 1050 1
801 537 1
801 801 1
801 595 1
801 1003 1
801 859 1
801 1051 1
802 417 1
802 681 1
802 465 1
802 981 1
802 729 1
802 1029 1
803 418 1
803 682 1
803 466 1
803 982 1
803 730 1
803 1030 1
804 419 1
804 683 1
804 467 1
804 983 1
804 731 1
804 1031 1
805 549 1
805 813 1
805 597 1
805 1005 1
805 861 1
805 1053 1
806 550 1
806 814 1
806 598 1
806 1006 1
806 862 1
806 1054 1
807 551 1
807 815 1
807 599 1
807 1007 1
807 863 1
807 1055 1
808 7 1
808 91 1
808 61 1
808 1057 1
808 145 1
808 1081 1
809 8 1
809 92 1
809 62 1
809 1058 1
809 146 1
809 1082 1
810 9 1
810 93 1
810 63 1
810 1059 1
810 147 1
810 1083 1
811 17 1
811 101 1
811 65 1
811 1061 1
811 149 1
811 1085 1
812 18 1
812 102 1
812 66 1
812 1062 1
812 150 1
812 1086 1
813 19 1
813 103 1
813 67 1
813 1063 1
813 151 1
813 1087 1
814 27 1
814 111 1
814 69 1
814 1065 1
814 153 1
814 1089 1
815 28 1
815 112 1
815 70 1
815 1066 1
815 154 1
815 1090 1
816 29 1
816 113 1
816 71 1
816 1067 1
816 155 1
816 1091 1
817 175 1
817 259 1
817 229 1
817 1105 1
817 313 1
817 1129 1
818 176 1
818 260 1
818 230 1
818 1106 1
818 314 1
818 1130 1
819 177 1
819 261 1
819 231 1
819 1107 1
819 315 1
819 1131 1
820 185 1
820 269 1
820 233 1
820 1109 1
820 317 1
820 1133 1
821 186 1
821 270 1
821 234 1
821 1110 1
821 318 1
821 1134 1
822 187 1
822 271 1
822 235 1
822 1111 1
822 319 1
822 1135 1
823 195 1
823 279 1
823 237 1
823 1113 1
823 321 1
823 1137 1
824 196 1
824 280 1
824 238 1
824 1114 1
824 322 1
824 1138 1
825 197 1
825 281 1
825 239 1
825 1115 1
825 323 1
825 1139 1
826 37 1
826 205 1
826 73 1
826 1069 1
826 241 1
826 1117 1
827 38 1
827 206 1
827 74 1
827 1070 1
827 242 1
827 1118 1
828 39 1
828 207 1
828 75 1
828 1071 1
828 243 1
828 1119 1
829 121 1
829 289 1
829 157 1
829 1093 1
829 325 1
829 1141 1
830 122 1
830 290 1
830 158 1
830 1094 1
830 326 1
830 1142 1
831 123 1
831 291 1
831 159 1
831 1095 1
831 327 1
831 1143 1
832 47 1
832 215 1
832 77 1
832 1073 1
832 245 1
832 1121 1
833 48 1
833 216 1
833 78 1
833 1074 1
833 246 1
833 1122 1
834 49 1
834 217 1
834 79 1
834 1075 1
834 247 1
834 1123 1
835 131 1
835 299 1
835 161 1
835 1097 1
835 329 1
835 1145 1
836 132 1
836 300 1
836 162 1
836 1098 1
836 330 1
836 1146 1
837 133 1
837 301 1
837 163 1
837 1099 1
837 331 1
837 1147 1
838 57 1
838 225 1
838 81 1
838 1077 1
838 249 1
838 1125 1
839 58 1
839 226 1
839 82 1
839 1078 1
839 250 1
839 1126 1
840 59 1
840 227 1
840 83 1
840 1079 1
840 251 1
840 1127 1
841 141 1
841 309 1
841 165 1
841 1101 1
841 333 1
841 1149 1
842 142 1
842 310 1
842 166 1
842 1102 1
842 334 1
842 1150 1
843 143 1
843 311 1
843 167 1
843 1103 1
843 335 1
843 1151 1
0 0 0