125 1152 2
1 1 1
1 2 1
1 3 1
1 4 1
1 5 1
1 6 1
1 7 1
1 8 1
1 9 1
1 10 1
1 11 1
1 12 1
1 13 1
1 14 1
1 15 1
1 16 1
1 17 1
1 18 1
1 19 1
1 20 1
1 21 1
1 22 1
1 23 1
1 24 1
1 25 1
1 26 1
1 27 1
1 28 1
1 29 1
1 30 1
1 31 1
1 32 1
1 33 1
1 34 1
1 35 1
1 36 1
1 37 1
1 38 1
1 39 1
1 40 1
1 41 1
1 42 1
1 43 1
1 44 1
1 45 1
1 46 1
1 47 1
1 48 1
1 49 1
1 50 1
1 51 1
1 52 1
1 53 1
1 54 1
1 55 1
1 56 1
1 57 1
1 58 1
1 59 1
1 60 1
1 61 1
1 62 1
1 63 1
1 64 1
1 65 1
1 66 1
1 67 1
1 68 1
1 69 1
1 70 1
1 71 1
1 72 1
1 73 1
1 74 1
1 75 1
1 76 1
1 77 1
1 78 1
1 79 1
1 80 1
1 81 1
1 82 1
1 83 1
1 84 1
2 85 1
2 86 1
2 87 1
2 88 1
2 89 1
2 90 1
2 91 1
2 92 1
2 93 1
2 94 1
2 95 1
2 96 1
2 97 1
2 98 1
2 99 1
2 100 1
2 101 1
2 102 1
2 103 1
2 104 1
2 105 1
2 106 1
2 107 1
2 108 1
2 109 1
2 110 1
2 111 1
2 112 1
2 113 1
2 114 1
2 115 1
2 116 1
2 117 1
2 118 1
2 119 1
2 120 1
2 121 1
2 122 1
2 123 1
2 124 1
2 125 1
2 126 1
2 127 1
2 128 1
2 129 1
2 130 1
2 131 1
2 132 1
2 133 1
2 134 1
2 135 1
2 136 1
2 137 1
2 138 1
2 139 1
2 140 1
2 141 1
2 142 1
2 143 1
2 144 1
2 145 1
2 146 1
2 147 1
2 148 1
2 149 1
2 150 1
2 151 1
2 152 1
2 153 1
2 154 1
2 155 1
2 156 1
2 157 1
2 158 1
2 159 1
2 160 1
2 161 1
2 162 1
2 163 1
2 164 1
2 165 1
2 166 1
2 167 1
2 168 1
3 169 1
3 170 1
3 171 1
3 172 1
3 173 1
3 174 1
3 175 1
3 176 1
3 177 1
3 178 1
3 179 1
3 180 1
3 181 1
3 182 1
3 183 1
3 184 1
3 185 1
3 186 1
3 187 1
3 188 1
3 189 1
3 190 1
3 191 1
3 192 1
3 193 1
3 194 1
3 195 1
3 196 1
3 197 1
3 198 1
3 199 1
3 200 1
3 201 1
3 202 1
3 203 1
3 204 1
3 205 1
3 206 1
3 207 1
3 208 1
3 209 1
3 210 1
3 211 1
3 212 1
3 213 1
3 214 1
3 215 1
3 216 1
3 217 1
3 218 1
3 219 1
3 220 1
3 221 1
3 222 1
3 223 1
3 224 1
3 225 1
3 226 1
3 227 1
3 228 1
3 229 1
3 230 1
3 231 1
3 232 1
3 233 1
3 234 1
3 235 1
3 236 1
3 237 1
3 238 1
3 239 1
3 240 1
3 241 1
3 242 1
3 243 1
3 244 1
3 245 1
3 246 1
3 247 1
3 248 1
3 249 1
3 250 1
3 251 1
3 252 1
4 253 1
4 254 1
4 255 1
4 256 1
4 257 1
4 258 1
4 259 1
4 260 1
4 261 1
4 262 1
4 263 1
4 264 1
4 265 1
4 266 1
4 267 1
4 268 1
4 269 1
4 270 1
4 271 1
4 272 1
4 273 1
4 274 1
4 275 1
4 276 1
4 277 1
4 278 1
4 279 1
4 280 1
4 281 1
4 282 1
4 283 1
4 284 1
4 285 1
4 286 1
4 287 1
4 288 1
4 289 1
4 290 1
4 291 1
4 292 1
4 293 1
4 294 1
4 295 1
4 296 1
4 297 1
4 298 1
4 299 1
4 300 1
4 301 1
4 302 1
4 303 1
4 304 1
4 305 1
4 306 1
4 307 1
4 308 1
4 309 1
4 310 1
4 311 1
4 312 1
4 313 1
4 314 1
4 315 1
4 316 1
4 317 1
4 318 1
4 319 1
4 320 1
4 321 1
4 322 1
4 323 1
4 324 1
4 325 1
4 326 1
4 327 1
4 328 1
4 329 1
4 330 1
4 331 1
4 332 1
4 333 1
4 334 1
4 335 1
4 336 1
5 337 1
5 338 1
5 339 1
5 340 1
5 341 1
5 342 1
5 343 1
5 344 1
5 345 1
5 346 1
5 347 1
5 348 1
5 349 1
5 350 1
5 351 1
5 352 1
5 353 1
5 354 1
5 355 1
5 356 1
5 357 1
5 358 1
5 359 1
5 360 1
5 361 1
5 362 1
5 363 1
5 364 1
5 365 1
5 366 1
5 367 1
5 368 1
5 369 1
5 370 1
5 371 1
5 372 1
5 373 1
5 374 1
5 375 1
5 376 1
5 377 1
5 378 1
5 379 1
5 380 1
5 381 1
5 382 1
5 383 1
5 384 1
5 385 1
5 386 1
5 387 1
5 388 1
5 389 1
5 390 1
5 391 1
5 392 1
5 393 1
5 394 1
5 395 1
5 396 1
5 397 1
5 398 1
5 399 1
5 400 1
5 401 1
5 402 1
5 403 1
5 404 1
5 405 1
5 406 1
5 407 1
5 408 1
5 409 1
5 410 1
5 411 1
5 412 1
5 413 1
5 414 1
5 415 1
5 416 1
5 417 1
5 418 1
5 419 1
5 420 1
5 421 1
5 422 1
5 423 1
5 424 1
5 425 1
5 426 1
5 427 1
5 428 1
5 429 1
5 430 1
5 431 1
5 432 1
5 433 1
5 434 1
5 435 1
5 436 1
5 437 1
5 438 1
5 439 1
5 440 1
5 441 1
5 442 1
5 443 1
5 444 1
5 445 1
5 446 1
5 447 1
5 448 1
5 449 1
5 450 1
5 451 1
5 452 1
5 453 1
5 454 1
5 455 1
5 456 1
5 457 1
5 458 1
5 459 1
5 460 1
5 461 1
5 462 1
5 463 1
5 464 1
5 465 1
5 466 1
5 467 1
5 468 1
6 469 1
6 470 1
6 471 1
6 472 1
6 473 1
6 474 1
6 475 1
6 476 1
6 477 1
6 478 1
6 479 1
6 480 1
6 481 1
6 482 1
6 483 1
6 484 1
6 485 1
6 486 1
6 487 1
6 488 1
6 489 1
6 490 1
6 491 1
6 492 1
6 493 1
6 494 1
6 495 1
6 496 1
6 497 1
6 498 1
6 499 1
6 500 1
6 501 1
6 502 1
6 503 1
6 504 1
6 505 1
6 506 1
6 507 1
6 508 1
6 509 1
6 510 1
6 511 1
6 512 1
6 513 1
6 514 1
6 515 1
6 516 1
6 517 1
6 518 1
6 519 1
6 520 1
6 521 1
6 522 1
6 523 1
6 524 1
6 525 1
6 526 1
6 527 1
6 528 1
6 529 1
6 530 1
6 531 1
6 532 1
6 533 1
6 534 1
6 535 1
6 536 1
6 537 1
6 538 1
6 539 1
6 540 1
6 541 1
6 542 1
6 543 1
6 544 1
6 545 1
6 546 1
6 547 1
6 548 1
6 549 1
6 550 1
6 551 1
6 552 1
6 553 1
6 554 1
6 555 1
6 556 1
6 557 1
6 558 1
6 559 1
6 560 1
6 561 1
6 562 1
6 563 1
6 564 1
6 565 1
6 566 1
6 567 1
6 568 1
6 569 1
6 570 1
6 571 1
6 572 1
6 573 1
6 574 1
6 575 1
6 576 1
6 577 1
6 578 1
6 579 1
6 580 1
6 581 1
6 582 1
6 583 1
6 584 1
6 585 1
6 586 1
6 587 1
6 588 1
6 589 1
6 590 1
6 591 1
6 592 1
6 593 1
6 594 1
6 595 1
6 596 1
6 597 1
6 598 1
6 599 1
6 600 1
7 601 1
7 602 1
7 603 1
7 604 1
7 605 1
7 606 1
7 607 1
7 608 1
7 609 1
7 610 1
7 611 1
7 612 1
7 613 1
7 614 1
7 615 1
7 616 1
7 617 1
7 618 1
7 619 1
7 620 1
7 621 1
7 622 1
7 623 1
7 624 1
7 625 1
7 626 1
7 627 1
7 628 1
7 629 1
7 630 1
7 631 1
7 632 1
7 633 1
7 634 1
7 635 1
7 636 1
7 637 1
7 638 1
7 639 1
7 640 1
7 641 1
7 642 1
7 643 1
7 644 1
7 645 1
7 646 1
7 647 1
7 648 1
7 649 1
7 650 1
7 651 1
7 652 1
7 653 1
7 654 1
7 655 1
7 656 1
7 657 1
7 658 1
7 659 1
7 660 1
7 661 1
7 662 1
7 663 1
7 664 1
7 665 1
7 666 1
7 667 1
7 668 1
7 669 1
7 670 1
7 671 1
7 672 1
7 673 1
7 674 1
7 675 1
7 676 1
7 677 1
7 678 1
7 679 1
7 680 1
7 681 1
7 682 1
7 683 1
7 684 1
7 685 1
7 686 1
7 687 1
7 688 1
7 689 1
7 690 1
7 691 1
7 692 1
7 693 1
7 694 1
7 695 1
7 696 1
7 697 1
7 698 1
7 699 1
7 700 1
7 701 1
7 702 1
7 703 1
7 704 1
7 705 1
7 706 1
7 707 1
7 708 1
7 709 1
7 710 1
7 711 1
7 712 1
7 713 1
7 714 1
7 715 1
7 716 1
7 717 1
7 718 1
7 719 1
7 720 1
7 721 1
7 722 1
7 723 1
7 724 1
7 725 1
7 726 1
7 727 1
7 728 1
7 729 1
7 730 1
7 731 1
7 732 1
8 733 1
8 734 1
8 735 1
8 736 1
8 737 1
8 738 1
8 739 1
8 740 1
8 741 1
8 742 1
8 743 1
8 744 1
8 745 1
8 746 1
8 747 1
8 748 1
8 749 1
8 750 1
8 751 1
8 752 1
8 753 1
8 754 1
8 755 1
8 756 1
8 757 1
8 758 1
8 759 1
8 760 1
8 761 1
8 762 1
8 763 1
8 764 1
8 765 1
8 766 1
8 767 1
8 768 1
8 769 1
8 770 1
8 771 1
8 772 1
8 773 1
8 774 1
8 775 1
8 776 1
8 777 1
8 778 1
8 779 1
8 780 1
8 781 1
8 782 1
8 783 1
8 784 1
8 785 1
8 786 1
8 787 1
8 788 1
8 789 1
8 790 1
8 791 1
8 792 1
8 793 1
8 794 1
8 795 1
8 796 1
8 797 1
8 798 1
8 799 1
8 800 1
8 801 1
8 802 1
8 803 1
8 804 1
8 805 1
8 806 1
8 807 1
8 808 1
8 809 1
8 810 1
8 811 1
8 812 1
8 813 1
8 814 1
8 815 1
8 816 1
8 817 1
8 818 1
8 819 1
8 820 1
8 821 1
8 822 1
8 823 1
8 824 1
8 825 1
8 826 1
8 827 1
8 828 1
8 829 1
8 830 1
8 831 1
8 832 1
8 833 1
8 834 1
8 835 1
8 836 1
8 837 1
8 838 1
8 839 1
8 840 1
8 841 1
8 842 1
8 843 1
8 844 1
8 845 1
8 846 1
8 847 1
8 848 1
8 849 1
8 850 1
8 851 1
8 852 1
8 853 1
8 854 1
8 855 1
8 856 1
8 857 1
8 858 1
8 859 1
8 860 1
8 861 1
8 862 1
8 863 1
8 864 1
9 1 1
9 2 1
9 3 1
9 4 1
9 5 1
9 6 1
9 7 1
9 8 1
9 9 1
9 10 1
9 85 1
9 86 1
9 87 1
9 88 1
9 89 1
9 90 1
9 91 1
9 92 1
9 93 1
9 94 1
10 11 1
10 12 1
10 13 1
10 14 1
10 15 1
10 16 1
10 17 1
10 18 1
10 19 1
10 20 1
10 95 1
10 96 1
10 97 1
10 98 1
10 99 1
10 100 1
10 101 1
10 102 1
10 103 1
10 104 1
11 21 1
11 22 1
11 23 1
11 24 1
11 25 1
11 26 1
11 27 1
11 28 1
11 29 1
11 30 1
11 105 1
11 106 1
11 107 1
11 108 1
11 109 1
11 110 1
11 111 1
11 112 1
11 113 1
11 114 1
12 169 1
12 170 1
12 171 1
12 172 1
12 173 1
12 174 1
12 175 1
12 176 1
12 177 1
12 178 1
12 253 1
12 254 1
12 255 1
12 256 1
12 257 1
12 258 1
12 259 1
12 260 1
12 261 1
12 262 1
13 179 1
13 180 1
13 181 1
13 182 1
13 183 1
13 184 1
13 185 1
13 186 1
13 187 1
13 188 1
13 263 1
13 264 1
13 265 1
13 266 1
13 267 1
13 268 1
13 269 1
13 270 1
13 271 1
13 272 1
14 189 1
14 190 1
14 191 1
14 192 1
14 193 1
14 194 1
14 195 1
14 196 1
14 197 1
14 198 1
14 273 1
14 274 1
14 275 1
14 276 1
14 277 1
14 278 1
14 279 1
14 280 1
14 281 1
14 282 1
15 31 1
15 32 1
15 33 1
15 34 1
15 35 1
15 36 1
15 37 1
15 38 1
15 39 1
15 40 1
15 199 1
15 200 1
15 201 1
15 202 1
15 203 1
15 204 1
15 205 1
15 206 1
15 207 1
15 208 1
16 115 1
16 116 1
16 117 1
16 118 1
16 119 1
16 120 1
16 121 1
16 122 1
16 123 1
16 124 1
16 283 1
16 284 1
16 285 1
16 286 1
16 287 1
16 288 1
16 289 1
16 290 1
16 291 1
16 292 1
17 41 1
17 42 1
17 43 1
17 44 1
17 45 1
17 46 1
17 47 1
17 48 1
17 49 1
17 50 1
17 209 1
17 210 1
17 211 1
17 212 1
17 213 1
17 214 1
17 215 1
17 216 1
17 217 1
17 218 1
18 125 1
18 126 1
18 127 1
18 128 1
18 129 1
18 130 1
18 131 1
18 132 1
18 133 1
18 134 1
18 293 1
18 294 1
18 295 1
18 296 1
18 297 1
18 298 1
18 299 1
18 300 1
18 301 1
18 302 1
19 51 1
19 52 1
19 53 1
19 54 1
19 55 1
19 56 1
19 57 1
19 58 1
19 59 1
19 60 1
19 219 1
19 220 1
19 221 1
19 222 1
19 223 1
19 224 1
19 225 1
19 226 1
19 227 1
19 228 1
20 135 1
20 136 1
20 137 1
20 138 1
20 139 1
20 140 1
20 141 1
20 142 1
20 143 1
20 144 1
20 303 1
20 304 1
20 305 1
20 306 1
20 307 1
20 308 1
20 309 1
20 310 1
20 311 1
20 312 1
21 337 1
21 338 1
21 339 1
21 340 1
21 341 1
21 342 1
21 343 1
21 344 1
21 345 1
21 346 1
21 347 1
21 348 1
21 349 1
21 350 1
21 469 1
21 470 1
21 471 1
21 472 1
21 473 1
21 474 1
21 475 1
21 476 1
21 477 1
21 478 1
21 479 1
21 480 1
21 481 1
21 482 1
22 351 1
22 352 1
22 353 1
22 354 1
22 355 1
22 356 1
22 357 1
22 358 1
22 359 1
22 360 1
22 361 1
22 362 1
22 363 1
22 364 1
22 483 1
22 484 1
22 485 1
22 486 1
22 487 1
22 488 1
22 489 1
22 490 1
22 491 1
22 492 1
22 493 1
22 494 1
22 495 1
22 496 1
23 365 1
23 366 1
23 367 1
23 368 1
23 369 1
23 370 1
23 371 1
23 372 1
23 373 1
23 374 1
23 375 1
23 376 1
23 377 1
23 378 1
23 497 1
23 498 1
23 499 1
23 500 1
23 501 1
23 502 1
23 503 1
23 504 1
23 505 1
23 506 1
23 507 1
23 508 1
23 509 1
23 510 1
24 601 1
24 602 1
24 603 1
24 604 1
24 605 1
24 606 1
24 607 1
24 608 1
24 609 1
24 610 1
24 611 1
24 612 1
24 613 1
24 614 1
24 733 1
24 734 1
24 735 1
24 736 1
24 737 1
24 738 1
24 739 1
24 740 1
24 741 1
24 742 1
24 743 1
24 744 1
24 745 1
24 746 1
25 615 1
25 616 1
25 617 1
25 618 1
25 619 1
25 620 1
25 621 1
25 622 1
25 623 1
25 624 1
25 625 1
25 626 1
25 627 1
25 628 1
25 747 1
25 748 1
25 749 1
25 750 1
25 751 1
25 752 1
25 753 1
25 754 1
25 755 1
25 756 1
25 757 1
25 758 1
25 759 1
25 760 1
26 629 1
26 630 1
26 631 1
26 632 1
26 633 1
26 634 1
26 635 1
26 636 1
26 637 1
26 638 1
26 639 1
26 640 1
26 641 1
26 642 1
26 761 1
26 762 1
26 763 1
26 764 1
26 765 1
26 766 1
26 767 1
26 768 1
26 769 1
26 770 1
26 771 1
26 772 1
26 773 1
26 774 1
27 379 1
27 380 1
27 381 1
27 382 1
27 383 1
27 384 1
27 385 1
27 386 1
27 387 1
27 388 1
27 389 1
27 390 1
27 391 1
27 392 1
27 643 1
27 644 1
27 645 1
27 646 1
27 647 1
27 648 1
27 649 1
27 650 1
27 651 1
27 652 1
27 653 1
27 654 1
27 655 1
27 656 1
28 511 1
28 512 1
28 513 1
28 514 1
28 515 1
28 516 1
28 517 1
28 518 1
28 519 1
28 520 1
28 521 1
28 522 1
28 523 1
28 524 1
28 775 1
28 776 1
28 777 1
28 778 1
28 779 1
28 780 1
28 781 1
28 782 1
28 783 1
28 784 1
28 785 1
28 786 1
28 787 1
28 788 1
29 393 1
29 394 1
29 395 1
29 396 1
29 397 1
29 398 1
29 399 1
29 400 1
29 401 1
29 402 1
29 403 1
29 404 1
29 405 1
29 406 1
29 657 1
29 658 1
29 659 1
29 660 1
29 661 1
29 662 1
29 663 1
29 664 1
29 665 1
29 666 1
29 667 1
29 668 1
29 669 1
29 670 1
30 525 1
30 526 1
30 527 1
30 528 1
30 529 1
30 530 1
30 531 1
30 532 1
30 533 1
30 534 1
30 535 1
30 536 1
30 537 1
30 538 1
30 789 1
30 790 1
30 791 1
30 792 1
30 793 1
30 794 1
30 795 1
30 796 1
30 797 1
30 798 1
30 799 1
30 800 1
30 801 1
30 802 1
31 407 1
31 408 1
31 409 1
31 410 1
31 411 1
31 412 1
31 413 1
31 414 1
31 415 1
31 416 1
31 417 1
31 418 1
31 419 1
31 420 1
31 671 1
31 672 1
31 673 1
31 674 1
31 675 1
31 676 1
31 677 1
31 678 1
31 679 1
31 680 1
31 681 1
31 682 1
31 683 1
31 684 1
32 539 1
32 540 1
32 541 1
32 542 1
32 543 1
32 544 1
32 545 1
32 546 1
32 547 1
32 548 1
32 549 1
32 550 1
32 551 1
32 552 1
32 803 1
32 804 1
32 805 1
32 806 1
32 807 1
32 808 1
32 809 1
32 810 1
32 811 1
32 812 1
32 813 1
32 814 1
32 815 1
32 816 1
33 421 1
33 422 1
33 423 1
33 424 1
33 425 1
33 426 1
33 427 1
33 428 1
33 429 1
33 430 1
33 431 1
33 432 1
33 433 1
33 434 1
33 435 1
33 436 1
33 437 1
33 438 1
33 439 1
33 440 1
33 441 1
33 442 1
33 443 1
33 444 1
33 865 1
33 866 1
33 867 1
33 868 1
33 869 1
33 870 1
33 871 1
33 872 1
33 873 1
33 874 1
33 875 1
33 876 1
33 877 1
33 878 1
33 879 1
33 880 1
33 881 1
33 882 1
33 883 1
33 884 1
33 885 1
33 886 1
33 887 1
33 888 1
34 553 1
34 554 1
34 555 1
34 556 1
34 557 1
34 558 1
34 559 1
34 560 1
34 561 1
34 562 1
34 563 1
34 564 1
34 565 1
34 566 1
34 567 1
34 568 1
34 569 1
34 570 1
34 571 1
34 572 1
34 573 1
34 574 1
34 575 1
34 576 1
34 889 1
34 890 1
34 891 1
34 892 1
34 893 1
34 894 1
34 895 1
34 896 1
34 897 1
34 898 1
34 899 1
34 900 1
34 901 1
34 902 1
34 903 1
34 904 1
34 905 1
34 906 1
34 907 1
34 908 1
34 909 1
34 910 1
34 911 1
34 912 1
35 685 1
35 686 1
35 687 1
35 688 1
35 689 1
35 690 1
35 691 1
35 692 1
35 693 1
35 694 1
35 695 1
35 696 1
35 697 1
35 698 1
35 699 1
35 700 1
35 701 1
35 702 1
35 703 1
35 704 1
35 705 1
35 706 1
35 707 1
35 708 1
35 913 1
35 914 1
35 915 1
35 916 1
35 917 1
35 918 1
35 919 1
35 920 1
35 921 1
35 922 1
35 923 1
35 924 1
35 925 1
35 926 1
35 927 1
35 928 1
35 929 1
35 930 1
35 931 1
35 932 1
35 933 1
35 934 1
35 935 1
35 936 1
36 817 1
36 818 1
36 819 1
36 820 1
36 821 1
36 822 1
36 823 1
36 824 1
36 825 1
36 826 1
36 827 1
36 828 1
36 829 1
36 830 1
36 831 1
36 832 1
36 833 1
36 834 1
36 835 1
36 836 1
36 837 1
36 838 1
36 839 1
36 840 1
36 937 1
36 938 1
36 939 1
36 940 1
36 941 1
36 942 1
36 943 1
36 944 1
36 945 1
36 946 1
36 947 1
36 948 1
36 949 1
36 950 1
36 951 1
36 952 1
36 953 1
36 954 1
36 955 1
36 956 1
36 957 1
36 958 1
36 959 1
36 960 1
37 445 1
37 446 1
37 447 1
37 448 1
37 449 1
37 450 1
37 451 1
37 452 1
37 453 1
37 454 1
37 455 1
37 456 1
37 457 1
37 458 1
37 459 1
37 460 1
37 461 1
37 462 1
37 463 1
37 464 1
37 465 1
37 466 1
37 467 1
37 468 1
37 961 1
37 962 1
37 963 1
37 964 1
37 965 1
37 966 1
37 967 1
37 968 1
37 969 1
37 970 1
37 971 1
37 972 1
37 973 1
37 974 1
37 975 1
37 976 1
37 977 1
37 978 1
37 979 1
37 980 1
37 981 1
37 982 1
37 983 1
37 984 1
38 577 1
38 578 1
38 579 1
38 580 1
38 581 1
38 582 1
38 583 1
38 584 1
38 585 1
38 586 1
38 587 1
38 588 1
38 589 1
38 590 1
38 591 1
38 592 1
38 593 1
38 594 1
38 595 1
38 596 1
38 597 1
38 598 1
38 599 1
38 600 1
38 985 1
38 986 1
38 987 1
38 988 1
38 989 1
38 990 1
38 991 1
38 992 1
38 993 1
38 994 1
38 995 1
38 996 1
38 997 1
38 998 1
38 999 1
38 1000 1
38 1001 1
38 1002 1
38 1003 1
38 1004 1
38 1005 1
38 1006 1
38 1007 1
38 1008 1
39 709 1
39 710 1
39 711 1
39 712 1
39 713 1
39 714 1
39 715 1
39 716 1
39 717 1
39 718 1
39 719 1
39 720 1
39 721 1
39 722 1
39 723 1
39 724 1
39 725 1
39 726 1
39 727 1
39 728 1
39 729 1
39 730 1
39 731 1
39 732 1
39 1009 1
39 1010 1
39 1011 1
39 1012 1
39 1013 1
39 1014 1
39 1015 1
39 1016 1
39 1017 1
39 1018 1
39 1019 1
39 1020 1
39 1021 1
39 1022 1
39 1023 1
39 1024 1
39 1025 1
39 1026 1
39 1027 1
39 1028 1
39 1029 1
39 1030 1
39 1031 1
39 1032 1
40 841 1
40 842 1
40 843 1
40 844 1
40 845 1
40 846 1
40 847 1
40 848 1
40 849 1
40 850 1
40 851 1
40 852 1
40 853 1
40 854 1
40 855 1
40 856 1
40 857 1
40 858 1
40 859 1
40 860 1
40 861 1
40 862 1
40 863 1
40 864 1
40 1033 1
40 1034 1
40 1035 1
40 1036 1
40 1037 1
40 1038 1
40 1039 1
40 1040 1
40 1041 1
40 1042 1
40 1043 1
40 1044 1
40 1045 1
40 1046 1
40 1047 1
40 1048 1
40 1049 1
40 1050 1
40 1051 1
40 1052 1
40 1053 1
40 1054 1
40 1055 1
40 1056 1
41 61 1
41 62 1
41 63 1
41 64 1
41 65 1
41 66 1
41 67 1
41 68 1
41 69 1
41 70 1
41 71 1
41 72 1
41 73 1
41 74 1
41 75 1
41 76 1
41 77 1
41 78 1
41 79 1
41 80 1
41 81 1
41 82 1
41 83 1
41 84 1
41 1057 1
41 1058 1
41 1059 1
41 1060 1
41 1061 1
41 1062 1
41 1063 1
41 1064 1
41 1065 1
41 1066 1
41 1067 1
41 1068 1
41 1069 1
41 1070 1
41 1071 1
41 1072 1
41 1073 1
41 1074 1
41 1075 1
41 1076 1
41 1077 1
41 1078 1
41 1079 1
41 1080 1
42 145 1
42 146 1
42 147 1
42 148 1
42 149 1
42 150 1
42 151 1
42 152 1
42 153 1
42 154 1
42 155 1
42 156 1
42 157 1
42 158 1
42 159 1
42 160 1
42 161 1
42 162 1
42 163 1
42 164 1
42 165 1
42 166 1
42 167 1
42 168 1
42 1081 1
42 1082 1
42 1083 1
42 1084 1
42 1085 1
42 1086 1
42 1087 1
42 1088 1
42 1089 1
42 1090 1
42 1091 1
42 1092 1
42 1093 1
42 1094 1
42 1095 1
42 1096 1
42 1097 1
42 1098 1
42 1099 1
42 1100 1
42 1101 1
42 1102 1
42 1103 1
42 1104 1
43 229 1
43 230 1
43 231 1
43 232 1
43 233 1
43 234 1
43 235 1
43 236 1
43 237 1
43 238 1
43 239 1
43 240 1
43 241 1
43 242 1
43 243 1
43 244 1
43 245 1
43 246 1
43 247 1
43 248 1
43 249 1
43 250 1
43 251 1
43 252 1
43 1105 1
43 1106 1
43 1107 1
43 1108 1
43 1109 1
43 1110 1
43 1111 1
43 1112 1
43 1113 1
43 1114 1
43 1115 1
43 1116 1
43 1117 1
43 1118 1
43 1119 1
43 1120 1
43 1121 1
43 1122 1
43 1123 1
43 1124 1
43 1125 1
43 1126 1
43 1127 1
43 1128 1
44 313 1
44 314 1
44 315 1
44 316 1
44 317 1
44 318 1
44 319 1
44 320 1
44 321 1
44 322 1
44 323 1
44 324 1
44 325 1
44 326 1
44 327 1
44 328 1
44 329 1
44 330 1
44 331 1
44 332 1
44 333 1
44 334 1
44 335 1
44 336 1
44 1129 1
44 1130 1
44 1131 1
44 1132 1
44 1133 1
44 1134 1
44 1135 1
44 1136 1
44 1137 1
44 1138 1
44 1139 1
44 1140 1
44 1141 1
44 1142 1
44 1143 1
44 1144 1
44 1145 1
44 1146 1
44 1147 1
44 1148 1
44 1149 1
44 1150 1
44 1151 1
44 1152 1
45 1 1
45 2 1
45 85 1
45 86 1
45 169 1
45 170 1
45 253 1
45 254 1
45 31 1
45 32 1
45 199 1
45 200 1
45 115 1
45 116 1
45 283 1
45 284 1
46 11 1
46 12 1
46 95 1
46 96 1
46 179 1
46 180 1
46 263 1
46 264 1
46 33 1
46 34 1
46 201 1
46 202 1
46 117 1
46 118 1
46 285 1
46 286 1
47 21 1
47 22 1
47 105 1
47 106 1
47 189 1
47 190 1
47 273 1
47 274 1
47 35 1
47 36 1
47 203 1
47 204 1
47 119 1
47 120 1
47 287 1
47 288 1
48 3 1
48 4 1
48 87 1
48 88 1
48 171 1
48 172 1
48 255 1
48 256 1
48 41 1
48 42 1
48 209 1
48 210 1
48 125 1
48 126 1
48 293 1
48 294 1
49 13 1
49 14 1
49 97 1
49 98 1
49 181 1
49 182 1
49 265 1
49 266 1
49 43 1
49 44 1
49 211 1
49 212 1
49 127 1
49 128 1
49 295 1
49 296 1
50 23 1
50 24 1
50 107 1
50 108 1
50 191 1
50 192 1
50 275 1
50 276 1
50 45 1
50 46 1
50 213 1
50 214 1
50 129 1
50 130 1
50 297 1
50 298 1
51 5 1
51 6 1
51 89 1
51 90 1
51 173 1
51 174 1
51 257 1
51 258 1
51 51 1
51 52 1
51 219 1
51 220 1
51 135 1
51 136 1
51 303 1
51 304 1
52 15 1
52 16 1
52 99 1
52 100 1
52 183 1
52 184 1
52 267 1
52 268 1
52 53 1
52 54 1
52 221 1
52 222 1
52 137 1
52 138 1
52 305 1
52 306 1
53 25 1
53 26 1
53 109 1
53 110 1
53 193 1
53 194 1
53 277 1
53 278 1
53 55 1
53 56 1
53 223 1
53 224 1
53 139 1
53 140 1
53 307 1
53 308 1
54 337 1
54 338 1
54 469 1
54 470 1
54 601 1
54 602 1
54 733 1
54 734 1
54 379 1
54 380 1
54 643 1
54 644 1
54 511 1
54 512 1
54 775 1
54 776 1
55 351 1
55 352 1
55 483 1
55 484 1
55 615 1
55 616 1
55 747 1
55 748 1
55 381 1
55 382 1
55 645 1
55 646 1
55 513 1
55 514 1
55 777 1
55 778 1
56 365 1
56 366 1
56 497 1
56 498 1
56 629 1
56 630 1
56 761 1
56 762 1
56 383 1
56 384 1
56 647 1
56 648 1
56 515 1
56 516 1
56 779 1
56 780 1
57 339 1
57 340 1
57 471 1
57 472 1
57 603 1
57 604 1
57 735 1
57 736 1
57 393 1
57 394 1
57 657 1
57 658 1
57 525 1
57 526 1
57 789 1
57 790 1
58 353 1
58 354 1
58 485 1
58 486 1
58 617 1
58 618 1
58 749 1
58 750 1
58 395 1
58 396 1
58 659 1
58 660 1
58 527 1
58 528 1
58 791 1
58 792 1
59 367 1
59 368 1
59 499 1
59 500 1
59 631 1
59 632 1
59 763 1
59 764 1
59 397 1
59 398 1
59 661 1
59 662 1
59 529 1
59 530 1
59 793 1
59 794 1
60 341 1
60 342 1
60 473 1
60 474 1
60 605 1
60 606 1
60 737 1
60 738 1
60 407 1
60 408 1
60 671 1
60 672 1
60 539 1
60 540 1
60 803 1
60 804 1
61 355 1
61 356 1
61 487 1
61 488 1
61 619 1
61 620 1
61 751 1
61 752 1
61 409 1
61 410 1
61 673 1
61 674 1
61 541 1
61 542 1
61 805 1
61 806 1
62 369 1
62 370 1
62 501 1
62 502 1
62 633 1
62 634 1
62 765 1
62 766 1
62 411 1
62 412 1
62 675 1
62 676 1
62 543 1
62 544 1
62 807 1
62 808 1
63 343 1
63 344 1
63 345 1
63 346 1
63 475 1
63 476 1
63 477 1
63 478 1
63 421 1
63 422 1
63 423 1
63 424 1
63 865 1
63 866 1
63 867 1
63 868 1
63 553 1
63 554 1
63 555 1
63 556 1
63 889 1
63 890 1
63 891 1
63 892 1
64 357 1
64 358 1
64 359 1
64 360 1
64 489 1
64 490 1
64 491 1
64 492 1
64 425 1
64 426 1
64 427 1
64 428 1
64 869 1
64 870 1
64 871 1
64 872 1
64 557 1
64 558 1
64 559 1
64 560 1
64 893 1
64 894 1
64 895 1
64 896 1
65 371 1
65 372 1
65 373 1
65 374 1
65 503 1
65 504 1
65 505 1
65 506 1
65 429 1
65 430 1
65 431 1
65 432 1
65 873 1
65 874 1
65 875 1
65 876 1
65 561 1
65 562 1
65 563 1
65 564 1
65 897 1
65 898 1
65 899 1
65 900 1
66 607 1
66 608 1
66 609 1
66 610 1
66 739 1
66 740 1
66 741 1
66 742 1
66 685 1
66 686 1
66 687 1
66 688 1
66 913 1
66 914 1
66 915 1
66 916 1
66 817 1
66 818 1
66 819 1
66 820 1
66 937 1
66 938 1
66 939 1
66 940 1
67 621 1
67 622 1
67 623 1
67 624 1
67 753 1
67 754 1
67 755 1
67 756 1
67 689 1
67 690 1
67 691 1
67 692 1
67 917 1
67 918 1
67 919 1
67 920 1
67 821 1
67 822 1
67 823 1
67 824 1
67 941 1
67 942 1
67 943 1
67 944 1
68 635 1
68 636 1
68 637 1
68 638 1
68 767 1
68 768 1
68 769 1
68 770 1
68 693 1
68 694 1
68 695 1
68 696 1
68 921 1
68 922 1
68 923 1
68 924 1
68 825 1
68 826 1
68 827 1
68 828 1
68 945 1
68 946 1
68 947 1
68 948 1
69 385 1
69 386 1
69 387 1
69 388 1
69 649 1
69 650 1
69 651 1
69 652 1
69 433 1
69 434 1
69 435 1
69 436 1
69 877 1
69 878 1
69 879 1
69 880 1
69 697 1
69 698 1
69 699 1
69 700 1
69 925 1
69 926 1
69 927 1
69 928 1
70 517 1
70 518 1
70 519 1
70 520 1
70 781 1
70 782 1
70 783 1
70 784 1
70 565 1
70 566 1
70 567 1
70 568 1
70 901 1
70 902 1
70 903 1
70 904 1
70 829 1
70 830 1
70 831 1
70 832 1
70 949 1
70 950 1
70 951 1
70 952 1
71 399 1
71 400 1
71 401 1
71 402 1
71 663 1
71 664 1
71 665 1
71 666 1
71 437 1
71 438 1
71 439 1
71 440 1
71 881 1
71 882 1
71 883 1
71 884 1
71 701 1
71 702 1
71 703 1
71 704 1
71 929 1
71 930 1
71 931 1
71 932 1
72 531 1
72 532 1
72 533 1
72 534 1
72 795 1
72 796 1
72 797 1
72 798 1
72 569 1
72 570 1
72 571 1
72 572 1
72 905 1
72 906 1
72 907 1
72 908 1
72 833 1
72 834 1
72 835 1
72 836 1
72 953 1
72 954 1
72 955 1
72 956 1
73 413 1
73 414 1
73 415 1
73 416 1
73 677 1
73 678 1
73 679 1
73 680 1
73 441 1
73 442 1
73 443 1
73 444 1
73 885 1
73 886 1
73 887 1
73 888 1
73 705 1
73 706 1
73 707 1
73 708 1
73 933 1
73 934 1
73 935 1
73 936 1
74 545 1
74 546 1
74 547 1
74 548 1
74 809 1
74 810 1
74 811 1
74 812 1
74 573 1
74 574 1
74 575 1
74 576 1
74 909 1
74 910 1
74 911 1
74 912 1
74 837 1
74 838 1
74 839 1
74 840 1
74 957 1
74 958 1
74 959 1
74 960 1
75 347 1
75 348 1
75 349 1
75 350 1
75 479 1
75 480 1
75 481 1
75 482 1
75 445 1
75 446 1
75 447 1
75 448 1
75 961 1
75 962 1
75 963 1
75 964 1
75 577 1
75 578 1
75 579 1
75 580 1
75 985 1
75 986 1
75 987 1
75 988 1
76 361 1
76 362 1
76 363 1
76 364 1
76 493 1
76 494 1
76 495 1
76 496 1
76 449 1
76 450 1
76 451 1
76 452 1
76 965 1
76 966 1
76 967 1
76 968 1
76 581 1
76 582 1
76 583 1
76 584 1
76 989 1
76 990 1
76 991 1
76 992 1
77 375 1
77 376 1
77 377 1
77 378 1
77 507 1
77 508 1
77 509 1
77 510 1
77 453 1
77 454 1
77 455 1
77 456 1
77 969 1
77 970 1
77 971 1
77 972 1
77 585 1
77 586 1
77 587 1
77 588 1
77 993 1
77 994 1
77 995 1
77 996 1
78 611 1
78 612 1
78 613 1
78 614 1
78 743 1
78 744 1
78 745 1
78 746 1
78 709 1
78 710 1
78 711 1
78 712 1
78 1009 1
78 1010 1
78 1011 1
78 1012 1
78 841 1
78 842 1
78 843 1
78 844 1
78 1033 1
78 1034 1
78 1035 1
78 1036 1
79 625 1
79 626 1
79 627 1
79 628 1
79 757 1
79 758 1
79 759 1
79 760 1
79 713 1
79 714 1
79 715 1
79 716 1
79 1013 1
79 1014 1
79 1015 1
79 1016 1
79 845 1
79 846 1
79 847 1
79 848 1
79 1037 1
79 1038 1
79 1039 1
79 1040 1
80 639 1
80 640 1
80 641 1
80 642 1
80 771 1
80 772 1
80 773 1
80 774 1
80 717 1
80 718 1
80 719 1
80 720 1
80 1017 1
80 1018 1
80 1019 1
80 1020 1
80 849 1
80 850 1
80 851 1
80 852 1
80 1041 1
80 1042 1
80 1043 1
80 1044 1
81 389 1
81 390 1
81 391 1
81 392 1
81 653 1
81 654 1
81 655 1
81 656 1
81 457 1
81 458 1
81 459 1
81 460 1
81 973 1
81 974 1
81 975 1
81 976 1
81 721 1
81 722 1
81 723 1
81 724 1
81 1021 1
81 1022 1
81 1023 1
81 1024 1
82 521 1
82 522 1
82 523 1
82 524 1
82 785 1
82 786 1
82 787 1
82 788 1
82 589 1
82 590 1
82 591 1
82 592 1
82 997 1
82 998 1
82 999 1
82 1000 1
82 853 1
82 854 1
82 855 1
82 856 1
82 1045 1
82 1046 1
82 1047 1
82 1048 1
83 403 1
83 404 1
83 405 1
83 406 1
83 667 1
83 668 1
83 669 1
83 670 1
83 461 1
83 462 1
83 463 1
83 464 1
83 977 1
83 978 1
83 979 1
83 980 1
83 725 1
83 726 1
83 727 1
83 728 1
83 1025 1
83 1026 1
83 1027 1
83 1028 1
84 535 1
84 536 1
84 537 1
84 538 1
84 799 1
84 800 1
84 801 1
84 802 1
84 593 1
84 594 1
84 595 1
84 596 1
84 1001 1
84 1002 1
84 1003 1
84 1004 1
84 857 1
84 858 1
84 859 1
84 860 1
84 1049 1
84 1050 1
84 1051 1
84 1052 1
85 417 1
85 418 1
85 419 1
85 420 1
85 681 1
85 682 1
85 683 1
85 684 1
85 465 1
85 466 1
85 467 1
85 468 1
85 981 1
85 982 1
85 983 1
85 984 1
85 729 1
85 730 1
85 731 1
85 732 1
85 1029 1
85 1030 1
85 1031 1
85 1032 1
86 549 1
86 550 1
86 551 1
86 552 1
86 813 1
86 814 1
86 815 1
86 816 1
86 597 1
86 598 1
86 599 1
86 600 1
86 1005 1
86 1006 1
86 1007 1
86 1008 1
86 861 1
86 862 1
86 863 1
86 864 1
86 1053 1
86 1054 1
86 1055 1
86 1056 1
87 7 1
87 8 1
87 9 1
87 10 1
87 91 1
87 92 1
87 93 1
87 94 1
87 61 1
87 62 1
87 63 1
87 64 1
87 1057 1
87 1058 1
87 1059 1
87 1060 1
87 145 1
87 146 1
87 147 1
87 148 1
87 1081 1
87 1082 1
87 1083 1
87 1084 1
88 17 1
88 18 1
88 19 1
88 20 1
88 101 1
88 102 1
88 103 1
88 104 1
88 65 1
88 66 1
88 67 1
88 68 1
88 1061 1
88 1062 1
88 1063 1
88 1064 1
88 149 1
88 150 1
88 151 1
88 152 1
88 1085 1
88 1086 1
88 1087 1
88 1088 1
89 27 1
89 28 1
89 29 1
89 30 1
89 111 1
89 112 1
89 113 1
89 114 1
89 69 1
89 70 1
89 71 1
89 72 1
89 1065 1
89 1066 1
89 1067 1
89 1068 1
89 153 1
89 154 1
89 155 1
89 156 1
89 1089 1
89 1090 1
89 1091 1
89 1092 1
90 175 1
90 176 1
90 177 1
90 178 1
90 259 1
90 260 1
90 261 1
90 262 1
90 229 1
90 230 1
90 231 1
90 232 1
90 1105 1
90 1106 1
90 1107 1
90 1108 1
90 313 1
90 314 1
90 315 1
90 316 1
90 1129 1
90 1130 1
90 1131 1
90 1132 1
91 185 1
91 186 1
91 187 1
91 188 1
91 269 1
91 270 1
91 271 1
91 272 1
91 233 1
91 234 1
91 235 1
91 236 1
91 1109 1
91 1110 1
91 1111 1
91 1112 1
91 317 1
91 318 1
91 319 1
91 320 1
91 1133 1
91 1134 1
91 1135 1
91 1136 1
92 195 1
92 196 1
92 197 1
92 198 1
92 279 1
92 280 1
92 281 1
92 282 1
92 237 1
92 238 1
92 239 1
92 240 1
92 1113 1
92 1114 1
92 1115 1
92 1116 1
92 321 1
92 322 1
92 323 1
92 324 1
92 1137 1
92 1138 1
92 1139 1
92 1140 1
93 37 1
93 38 1
93 39 1
93 40 1
93 205 1
93 206 1
93 207 1
93 208 1
93 73 1
93 74 1
93 75 1
93 76 1
93 1069 1
93 1070 1
93 1071 1
93 1072 1
93 241 1
93 242 1
93 243 1
93 244 1
93 1117 1
93 1118 1
93 1119 1
93 1120 1
94 121 1
94 122 1
94 123 1
94 124 1
94 289 1
94 290 1
94 291 1
94 292 1
94 157 1
94 158 1
94 159 1
94 160 1
94 1093 1
94 1094 1
94 1095 1
94 1096 1
94 325 1
94 326 1
94 327 1
94 328 1
94 1141 1
94 1142 1
94 1143 1
94 1144 1
95 47 1
95 48 1
95 49 1
95 50 1
95 215 1
95 216 1
95 217 1
95 218 1
95 77 1
95 78 1
95 79 1
95 80 1
95 1073 1
95 1074 1
95 1075 1
95 1076 1
95 245 1
95 246 1
95 247 1
95 248 1
95 1121 1
95 1122 1
95 1123 1
95 1124 1
96 131 1
96 132 1
96 133 1
96 134 1
96 299 1
96 300 1
96 301 1
96 302 1
96 161 1
96 162 1
96 163 1
96 164 1
96 1097 1
96 1098 1
96 1099 1
96 1100 1
96 329 1
96 330 1
96 331 1
96 332 1
96 1145 1
96 1146 1
96 1147 1
96 1148 1
97 57 1
97 58 1
97 59 1
97 60 1
97 225 1
97 226 1
97 227 1
97 228 1
97 81 1
97 82 1
97 83 1
97 84 1
97 1077 1
97 1078 1
97 1079 1
97 1080 1
97 249 1
97 250 1
97 251 1
97 252 1
97 1125 1
97 1126 1
97 1127 1
97 1128 1
98 141 1
98 142 1
98 143 1
98 144 1
98 309 1
98 310 1
98 311 1
98 312 1
98 165 1
98 166 1
98 167 1
98 168 1
98 1101 1
98 1102 1
98 1103 1
98 1104 1
98 333 1
98 334 1
98 335 1
98 336 1
98 1149 1
98 1150 1
98 1151 1
98 1152 1
99 337 1
99 469 1
99 601 1
99 733 1
99 379 1
99 643 1
99 511 1
99 775 1
99 343 1
99 475 1
99 421 1
99 865 1
99 553 1
99 889 1
99 607 1
99 739 1
99 685 1
99 913 1
99 817 1
99 937 1
99 385 1
99 649 1
99 433 1
99 877 1
99 697 1
99 925 1
99 517 1
99 781 1
99 565 1
99 901 1
99 829 1
99 949 1
100 351 1
100 483 1
100 615 1
100 747 1
100 381 1
100 645 1
100 513 1
100 777 1
100 357 1
100 489 1
100 425 1
100 869 1
100 557 1
100 893 1
100 621 1
100 753 1
100 689 1
100 917 1
100 821 1
100 941 1
100 386 1
100 650 1
100 434 1
100 878 1
100 698 1
100 926 1
100 518 1
100 782 1
100 566 1
100 902 1
100 830 1
100 950 1
101 365 1
101 497 1
101 629 1
101 761 1
101 383 1
101 647 1
101 515 1
101 779 1
101 371 1
101 503 1
101 429 1
101 873 1
101 561 1
101 897 1
101 635 1
101 767 1
101 693 1
101 921 1
101 825 1
101 945 1
101 387 1
101 651 1
101 435 1
101 879 1
101 699 1
101 927 1
101 519 1
101 783 1
101 567 1
101 903 1
101 831 1
101 951 1
102 339 1
102 471 1
102 603 1
102 735 1
102 393 1
102 657 1
102 525 1
102 789 1
102 344 1
102 476 1
102 422 1
102 866 1
102 554 1
102 890 1
102 608 1
102 740 1
102 686 1
102 914 1
102 818 1
102 938 1
102 399 1
102 663 1
102 437 1
102 881 1
102 701 1
102 929 1
102 531 1
102 795 1
102 569 1
102 905 1
102 833 1
102 953 1
103 353 1
103 485 1
103 617 1
103 749 1
103 395 1
103 659 1
103 527 1
103 791 1
103 358 1
103 490 1
103 426 1
103 870 1
103 558 1
103 894 1
103 622 1
103 754 1
103 690 1
103 918 1
103 822 1
103 942 1
103 400 1
103 664 1
103 438 1
103 882 1
103 702 1
103 930 1
103 532 1
103 796 1
103 570 1
103 906 1
103 834 1
103 954 1
104 367 1
104 499 1
104 631 1
104 763 1
104 397 1
104 661 1
104 529 1
104 793 1
104 372 1
104 504 1
104 430 1
104 874 1
104 562 1
104 898 1
104 636 1
104 768 1
104 694 1
104 922 1
104 826 1
104 946 1
104 401 1
104 665 1
104 439 1
104 883 1
104 703 1
104 931 1
104 533 1
104 797 1
104 571 1
104 907 1
104 835 1
104 955 1
105 341 1
105 473 1
105 605 1
105 737 1
105 407 1
105 671 1
105 539 1
105 803 1
105 345 1
105 477 1
105 423 1
105 867 1
105 555 1
105 891 1
105 609 1
105 741 1
105 687 1
105 915 1
105 819 1
105 939 1
105 413 1
105 677 1
105 441 1
105 885 1
105 705 1
105 933 1
105 545 1
105 809 1
105 573 1
105 909 1
105 837 1
105 957 1
106 355 1
106 487 1
106 619 1
106 751 1
106 409 1
106 673 1
106 541 1
106 805 1
106 359 1
106 491 1
106 427 1
106 871 1
106 559 1
106 895 1
106 623 1
106 755 1
106 691 1
106 919 1
106 823 1
106 943 1
106 414 1
106 678 1
106 442 1
106 886 1
106 706 1
106 934 1
106 546 1
106 810 1
106 574 1
106 910 1
106 838 1
106 958 1
107 369 1
107 501 1
107 633 1
107 765 1
107 411 1
107 675 1
107 543 1
107 807 1
107 373 1
107 505 1
107 431 1
107 875 1
107 563 1
107 899 1
107 637 1
107 769 1
107 695 1
107 923 1
107 827 1
107 947 1
107 415 1
107 679 1
107 443 1
107 887 1
107 707 1
107 935 1
107 547 1
107 811 1
107 575 1
107 911 1
107 839 1
107 959 1
108 338 1
108 470 1
108 602 1
108 734 1
108 380 1
108 644 1
108 512 1
108 776 1
108 347 1
108 479 1
108 445 1
108 961 1
108 577 1
108 985 1
108 611 1
108 743 1
108 709 1
108 1009 1
108 841 1
108 1033 1
108 389 1
108 653 1
108 457 1
108 973 1
108 721 1
108 1021 1
108 521 1
108 785 1
108 589 1
108 997 1
108 853 1
108 1045 1
109 352 1
109 484 1
109 616 1
109 748 1
109 382 1
109 646 1
109 514 1
109 778 1
109 361 1
109 493 1
109 449 1
109 965 1
109 581 1
109 989 1
109 625 1
109 757 1
109 713 1
109 1013 1
109 845 1
109 1037 1
109 390 1
109 654 1
109 458 1
109 974 1
109 722 1
109 1022 1
109 522 1
109 786 1
109 590 1
109 998 1
109 854 1
109 1046 1
110 366 1
110 498 1
110 630 1
110 762 1
110 384 1
110 648 1
110 516 1
110 780 1
110 375 1
110 507 1
110 453 1
110 969 1
110 585 1
110 993 1
110 639 1
110 771 1
110 717 1
110 1017 1
110 849 1
110 1041 1
110 391 1
110 655 1
110 459 1
110 975 1
110 723 1
110 1023 1
110 523 1
110 787 1
110 591 1
110 999 1
110 855 1
110 1047 1
111 340 1
111 472 1
111 604 1
111 736 1
111 394 1
111 658 1
111 526 1
111 790 1
111 348 1
111 480 1
111 446 1
111 962 1
111 578 1
111 986 1
111 612 1
111 744 1
111 710 1
111 1010 1
111 842 1
111 1034 1
111 403 1
111 667 1
111 461 1
111 977 1
111 725 1
111 1025 1
111 535 1
111 799 1
111 593 1
111 1001 1
111 857 1
111 1049 1
112 354 1
112 486 1
112 618 1
112 750 1
112 396 1
112 660 1
112 528 1
112 792 1
112 362 1
112 494 1
112 450 1
112 966 1
112 582 1
112 990 1
112 626 1
112 758 1
112 714 1
112 1014 1
112 846 1
112 1038 1
112 404 1
112 668 1
112 462 1
112 978 1
112 726 1
112 1026 1
112 536 1
112 800 1
112 594 1
112 1002 1
112 858 1
112 1050 1
113 368 1
113 500 1
113 632 1
113 764 1
113 398 1
113 662 1
113 530 1
113 794 1
113 376 1
113 508 1
113 454 1
113 970 1
113 586 1
113 994 1
113 640 1
113 772 1
113 718 1
113 1018 1
113 850 1
113 1042 1
113 405 1
113 669 1
113 463 1
113 979 1
113 727 1
113 1027 1
113 537 1
113 801 1
113 595 1
113 1003 1
113 859 1
113 1051 1
114 342 1
114 474 1
114 606 1
114 738 1
114 408 1
114 672 1
114 540 1
114 804 1
114 349 1
114 481 1
114 447 1
114 963 1
114 579 1
114 987 1
114 613 1
114 745 1
114 711 1
114 1011 1
114 843 1
114 1035 1
114 417 1
114 681 1
114 465 1
114 981 1
114 729 1
114 1029 1
114 549 1
114 813 1
114 597 1
114 1005 1
114 861 1
114 1053 1
115 356 1
115 488 1
115 620 1
115 752 1
115 410 1
115 674 1
115 542 1
115 806 1
115 363 1
115 495 1
115 451 1
115 967 1
115 583 1
115 991 1
115 627 1
115 759 1
115 715 1
115 1015 1
115 847 1
115 1039 1
115 418 1
115 682 1
115 466 1
115 982 1
115 730 1
115 1030 1
115 550 1
115 814 1
115 598 1
115 1006 1
115 862 1
115 1054 1
116 370 1
116 502 1
116 634 1
116 766 1
116 412 1
116 676 1
116 544 1
116 808 1
116 377 1
116 509 1
116 455 1
116 971 1
116 587 1
116 995 1
116 641 1
116 773 1
116 719 1
116 1019 1
116 851 1
116 1043 1
116 419 1
116 683 1
116 467 1
116 983 1
116 731 1
116 1031 1
116 551 1
116 815 1
116 599 1
116 1007 1
116 863 1
116 1055 1
117 1 1
117 85 1
117 169 1
117 253 1
117 31 1
117 199 1
117 115 1
117 283 1
117 7 1
117 91 1
117 61 1
117 1057 1
117 145 1
117 1081 1
117 175 1
117 259 1
117 229 1
117 1105 1
117 313 1
117 1129 1
117 37 1
117 205 1
117 73 1
117 1069 1
117 241 1
117 1117 1
117 121 1
117 289 1
117 157 1
117 1093 1
117 325 1
117 1141 1
118 11 1
118 95 1
118 179 1
118 263 1
118 33 1
118 201 1
118 117 1
118 285 1
118 17 1
118 101 1
118 65 1
118 1061 1
118 149 1
118 1085 1
118 185 1
118 269 1
118 233 1
118 1109 1
118 317 1
118 1133 1
118 38 1
118 206 1
118 74 1
118 1070 1
118 242 1
118 1118 1
118 122 1
118 290 1
118 158 1
118 1094 1
118 326 1
118 1142 1
119 21 1
119 105 1
119 189 1
119 273 1
119 35 1
119 203 1
119 119 1
119 287 1
119 27 1
119 111 1
119 69 1
119 1065 1
119 153 1
119 1089 1
119 195 1
119 279 1
119 237 1
119 1113 1
119 321 1
119 1137 1
119 39 1
119 207 1
119 75 1
119 1071 1
119 243 1
119 1119 1
119 123 1
119 291 1
119 159 1
119 1095 1
119 327 1
119 1143 1
120 3 1
120 87 1
120 171 1
120 255 1
120 41 1
120 209 1
120 125 1
120 293 1
120 8 1
120 92 1
120 62 1
120 1058 1
120 146 1
120 1082 1
120 176 1
120 260 1
120 230 1
120 1106 1
120 314 1
120 1130 1
120 47 1
120 215 1
120 77 1
120 1073 1
120 245 1
120 1121 1
120 131 1
120 299 1
120 161 1
120 1097 1
120 329 1
120 1145 1
121 13 1
121 97 1
121 181 1
121 265 1
121 43 1
121 211 1
121 127 1
121 295 1
121 18 1
121 102 1
121 66 1
121 1062 1
121 150 1
121 1086 1
121 186 1
121 270 1
121 234 1
121 1110 1
121 318 1
121 1134 1
121 48 1
121 216 1
121 78 1
121 1074 1
121 246 1
121 1122 1
121 132 1
121 300 1
121 162 1
121 1098 1
121 330 1
121 1146 1
122 23 1
122 107 1
122 191 1
122 275 1
122 45 1
122 213 1
122 129 1
122 297 1
122 28 1
122 112 1
122 70 1
122 1066 1
122 154 1
122 1090 1
122 196 1
122 280 1
122 238 1
122 1114 1
122 322 1
122 1138 1
122 49 1
122 217 1
122 79 1
122 1075 1
122 247 1
122 1123 1
122 133 1
122 301 1
122 163 1
122 1099 1
122 331 1
122 1147 1
123 5 1
123 89 1
123 173 1
123 257 1
123 51 1
123 219 1
123 135 1
123 303 1
123 9 1
123 93 1
123 63 1
123 1059 1
123 147 1
123 1083 1
123 177 1
123 261 1
123 231 1
123 1107 1
123 315 1
123 1131 1
123 57 1
123 225 1
123 81 1
123 1077 1
123 249 1
123 1125 1
123 141 1
123 309 1
123 165 1
123 1101 1
123 333 1
123 1149 1
124 15 1
124 99 1
124 183 1
124 267 1
124 53 1
124 221 1
124 137 1
124 305 1
124 19 1
124 103 1
124 67 1
124 1063 1
124 151 1
124 1087 1
124 187 1
124 271 1
124 235 1
124 1111 1
124 319 1
124 1135 1
124 58 1
124 226 1
124 82 1
124 1078 1
124 250 1
124 1126 1
124 142 1
124 310 1
124 166 1
124 1102 1
124 334 1
124 1150 1
125 25 1
125 109 1
125 193 1
125 277 1
125 55 1
125 223 1
125 139 1
125 307 1
125 29 1
125 113 1
125 71 1
125 1067 1
125 155 1
125 1091 1
125 197 1
125 281 1
125 239 1
125 1115 1
125 323 1
125 1139 1
125 59 1
125 227 1
125 83 1
125 1079 1
125 251 1
125 1127 1
125 143 1
125 311 1
125 167 1
125 1103 1
125 335 1
125 1151 1
0 0 0